Raw Data 		Experiment - JMM_ScreenSeq_CellFree_10_7_2022 (Run on LCS480 1.5.1.62)
SamplePos	SampleName	Prog#	Seg#	Cycle#	Time	Temp	465-510	618-660	
A1	Sample 1	2	2	1	270860	59.94	0.78	0.41
A1	Sample 1	2	2	2	343640	59.91	0.79	0.42
A1	Sample 1	2	2	3	416440	59.91	0.80	0.42
A1	Sample 1	2	2	4	489230	59.94	0.79	0.41
A1	Sample 1	2	2	5	561930	59.94	0.80	0.42
A1	Sample 1	2	2	6	634650	59.94	0.80	0.42
A1	Sample 1	2	2	7	707430	59.94	0.81	0.42
A1	Sample 1	2	2	8	780150	59.94	0.80	0.42
A1	Sample 1	2	2	9	852940	59.94	0.80	0.42
A1	Sample 1	2	2	10	925740	59.91	0.81	0.42
A1	Sample 1	2	2	11	998530	59.91	0.81	0.42
A1	Sample 1	2	2	12	1071250	59.91	0.82	0.42
A1	Sample 1	2	2	13	1144050	59.94	0.81	0.42
A1	Sample 1	2	2	14	1216830	59.94	0.81	0.41
A1	Sample 1	2	2	15	1289540	59.94	0.81	0.42
A1	Sample 1	2	2	16	1362250	59.94	0.81	0.42
A1	Sample 1	2	2	17	1435030	59.94	0.82	0.41
A2	Sample 2	2	2	1	270860	59.94	1.13	0.22
A2	Sample 2	2	2	2	343640	59.91	1.10	0.21
A2	Sample 2	2	2	3	416440	59.91	1.09	0.21
A2	Sample 2	2	2	4	489230	59.94	1.08	0.21
A2	Sample 2	2	2	5	561930	59.94	1.09	0.22
A2	Sample 2	2	2	6	634650	59.94	1.08	0.21
A2	Sample 2	2	2	7	707430	59.94	1.09	0.21
A2	Sample 2	2	2	8	780150	59.94	1.08	0.21
A2	Sample 2	2	2	9	852940	59.94	1.08	0.21
A2	Sample 2	2	2	10	925740	59.91	1.08	0.21
A2	Sample 2	2	2	11	998530	59.91	1.07	0.21
A2	Sample 2	2	2	12	1071250	59.91	1.08	0.21
A2	Sample 2	2	2	13	1144050	59.94	1.09	0.21
A2	Sample 2	2	2	14	1216830	59.94	1.07	0.21
A2	Sample 2	2	2	15	1289540	59.94	1.08	0.21
A2	Sample 2	2	2	16	1362250	59.94	1.08	0.21
A2	Sample 2	2	2	17	1435030	59.94	1.07	0.21
A3	Sample 3	2	2	1	270860	59.94	0.49	0.22
A3	Sample 3	2	2	2	343640	59.91	0.50	0.22
A3	Sample 3	2	2	3	416440	59.91	0.49	0.22
A3	Sample 3	2	2	4	489230	59.94	0.50	0.22
A3	Sample 3	2	2	5	561930	59.94	0.50	0.22
A3	Sample 3	2	2	6	634650	59.94	0.51	0.22
A3	Sample 3	2	2	7	707430	59.94	0.50	0.22
A3	Sample 3	2	2	8	780150	59.94	0.50	0.22
A3	Sample 3	2	2	9	852940	59.94	0.50	0.22
A3	Sample 3	2	2	10	925740	59.91	0.50	0.22
A3	Sample 3	2	2	11	998530	59.91	0.51	0.21
A3	Sample 3	2	2	12	1071250	59.91	0.50	0.22
A3	Sample 3	2	2	13	1144050	59.94	0.50	0.22
A3	Sample 3	2	2	14	1216830	59.94	0.51	0.22
A3	Sample 3	2	2	15	1289540	59.94	0.51	0.22
A3	Sample 3	2	2	16	1362250	59.94	0.51	0.22
A3	Sample 3	2	2	17	1435030	59.94	0.50	0.22
A4	Sample 4	2	2	1	270860	59.94	0.28	0.12
A4	Sample 4	2	2	2	343640	59.91	0.28	0.13
A4	Sample 4	2	2	3	416440	59.91	0.28	0.13
A4	Sample 4	2	2	4	489230	59.94	0.28	0.13
A4	Sample 4	2	2	5	561930	59.94	0.29	0.13
A4	Sample 4	2	2	6	634650	59.94	0.29	0.13
A4	Sample 4	2	2	7	707430	59.94	0.29	0.13
A4	Sample 4	2	2	8	780150	59.94	0.29	0.13
A4	Sample 4	2	2	9	852940	59.94	0.29	0.13
A4	Sample 4	2	2	10	925740	59.91	0.29	0.13
A4	Sample 4	2	2	11	998530	59.91	0.29	0.13
A4	Sample 4	2	2	12	1071250	59.91	0.29	0.13
A4	Sample 4	2	2	13	1144050	59.94	0.29	0.13
A4	Sample 4	2	2	14	1216830	59.94	0.29	0.13
A4	Sample 4	2	2	15	1289540	59.94	0.29	0.13
A4	Sample 4	2	2	16	1362250	59.94	0.29	0.13
A4	Sample 4	2	2	17	1435030	59.94	0.29	0.13
A5	Sample 5	2	2	1	270860	59.94	0.22	0.18
A5	Sample 5	2	2	2	343640	59.91	0.22	0.18
A5	Sample 5	2	2	3	416440	59.91	0.22	0.18
A5	Sample 5	2	2	4	489230	59.94	0.22	0.18
A5	Sample 5	2	2	5	561930	59.94	0.22	0.18
A5	Sample 5	2	2	6	634650	59.94	0.22	0.18
A5	Sample 5	2	2	7	707430	59.94	0.22	0.18
A5	Sample 5	2	2	8	780150	59.94	0.23	0.18
A5	Sample 5	2	2	9	852940	59.94	0.22	0.18
A5	Sample 5	2	2	10	925740	59.91	0.22	0.19
A5	Sample 5	2	2	11	998530	59.91	0.22	0.18
A5	Sample 5	2	2	12	1071250	59.91	0.22	0.18
A5	Sample 5	2	2	13	1144050	59.94	0.23	0.19
A5	Sample 5	2	2	14	1216830	59.94	0.23	0.19
A5	Sample 5	2	2	15	1289540	59.94	0.23	0.18
A5	Sample 5	2	2	16	1362250	59.94	0.22	0.18
A5	Sample 5	2	2	17	1435030	59.94	0.22	0.18
A6	Sample 6	2	2	1	270860	59.94	0.24	0.05
A6	Sample 6	2	2	2	343640	59.91	0.24	0.05
A6	Sample 6	2	2	3	416440	59.91	0.23	0.05
A6	Sample 6	2	2	4	489230	59.94	0.23	0.04
A6	Sample 6	2	2	5	561930	59.94	0.24	0.05
A6	Sample 6	2	2	6	634650	59.94	0.24	0.05
A6	Sample 6	2	2	7	707430	59.94	0.25	0.05
A6	Sample 6	2	2	8	780150	59.94	0.24	0.05
A6	Sample 6	2	2	9	852940	59.94	0.24	0.05
A6	Sample 6	2	2	10	925740	59.91	0.24	0.05
A6	Sample 6	2	2	11	998530	59.91	0.24	0.05
A6	Sample 6	2	2	12	1071250	59.91	0.24	0.05
A6	Sample 6	2	2	13	1144050	59.94	0.24	0.05
A6	Sample 6	2	2	14	1216830	59.94	0.25	0.05
A6	Sample 6	2	2	15	1289540	59.94	0.24	0.05
A6	Sample 6	2	2	16	1362250	59.94	0.24	0.05
A6	Sample 6	2	2	17	1435030	59.94	0.24	0.05
A7	Sample 7	2	2	1	270860	59.94	0.23	0.06
A7	Sample 7	2	2	2	343640	59.91	0.23	0.06
A7	Sample 7	2	2	3	416440	59.91	0.23	0.06
A7	Sample 7	2	2	4	489230	59.94	0.23	0.06
A7	Sample 7	2	2	5	561930	59.94	0.24	0.06
A7	Sample 7	2	2	6	634650	59.94	0.24	0.06
A7	Sample 7	2	2	7	707430	59.94	0.24	0.06
A7	Sample 7	2	2	8	780150	59.94	0.24	0.06
A7	Sample 7	2	2	9	852940	59.94	0.24	0.06
A7	Sample 7	2	2	10	925740	59.91	0.24	0.06
A7	Sample 7	2	2	11	998530	59.91	0.23	0.06
A7	Sample 7	2	2	12	1071250	59.91	0.24	0.06
A7	Sample 7	2	2	13	1144050	59.94	0.24	0.06
A7	Sample 7	2	2	14	1216830	59.94	0.25	0.06
A7	Sample 7	2	2	15	1289540	59.94	0.24	0.06
A7	Sample 7	2	2	16	1362250	59.94	0.24	0.06
A7	Sample 7	2	2	17	1435030	59.94	0.24	0.06
A8	Sample 8	2	2	1	270860	59.94	0.32	0.05
A8	Sample 8	2	2	2	343640	59.91	0.32	0.06
A8	Sample 8	2	2	3	416440	59.91	0.33	0.05
A8	Sample 8	2	2	4	489230	59.94	0.32	0.05
A8	Sample 8	2	2	5	561930	59.94	0.33	0.05
A8	Sample 8	2	2	6	634650	59.94	0.33	0.05
A8	Sample 8	2	2	7	707430	59.94	0.33	0.05
A8	Sample 8	2	2	8	780150	59.94	0.33	0.05
A8	Sample 8	2	2	9	852940	59.94	0.33	0.05
A8	Sample 8	2	2	10	925740	59.91	0.33	0.05
A8	Sample 8	2	2	11	998530	59.91	0.34	0.05
A8	Sample 8	2	2	12	1071250	59.91	0.34	0.06
A8	Sample 8	2	2	13	1144050	59.94	0.34	0.06
A8	Sample 8	2	2	14	1216830	59.94	0.34	0.06
A8	Sample 8	2	2	15	1289540	59.94	0.33	0.05
A8	Sample 8	2	2	16	1362250	59.94	0.33	0.06
A8	Sample 8	2	2	17	1435030	59.94	0.34	0.05
A9	Sample 9	2	2	1	270860	59.94	0.45	0.12
A9	Sample 9	2	2	2	343640	59.91	0.45	0.12
A9	Sample 9	2	2	3	416440	59.91	0.45	0.12
A9	Sample 9	2	2	4	489230	59.94	0.45	0.12
A9	Sample 9	2	2	5	561930	59.94	0.45	0.12
A9	Sample 9	2	2	6	634650	59.94	0.45	0.12
A9	Sample 9	2	2	7	707430	59.94	0.46	0.12
A9	Sample 9	2	2	8	780150	59.94	0.45	0.12
A9	Sample 9	2	2	9	852940	59.94	0.45	0.12
A9	Sample 9	2	2	10	925740	59.91	0.45	0.12
A9	Sample 9	2	2	11	998530	59.91	0.45	0.12
A9	Sample 9	2	2	12	1071250	59.91	0.46	0.12
A9	Sample 9	2	2	13	1144050	59.94	0.46	0.12
A9	Sample 9	2	2	14	1216830	59.94	0.46	0.12
A9	Sample 9	2	2	15	1289540	59.94	0.46	0.12
A9	Sample 9	2	2	16	1362250	59.94	0.46	0.12
A9	Sample 9	2	2	17	1435030	59.94	0.46	0.12
A10	Sample 10	2	2	1	270860	59.94	0.65	0.10
A10	Sample 10	2	2	2	343640	59.91	0.65	0.10
A10	Sample 10	2	2	3	416440	59.91	0.65	0.10
A10	Sample 10	2	2	4	489230	59.94	0.65	0.11
A10	Sample 10	2	2	5	561930	59.94	0.65	0.11
A10	Sample 10	2	2	6	634650	59.94	0.65	0.10
A10	Sample 10	2	2	7	707430	59.94	0.65	0.11
A10	Sample 10	2	2	8	780150	59.94	0.66	0.11
A10	Sample 10	2	2	9	852940	59.94	0.66	0.10
A10	Sample 10	2	2	10	925740	59.91	0.65	0.11
A10	Sample 10	2	2	11	998530	59.91	0.66	0.11
A10	Sample 10	2	2	12	1071250	59.91	0.66	0.11
A10	Sample 10	2	2	13	1144050	59.94	0.66	0.11
A10	Sample 10	2	2	14	1216830	59.94	0.67	0.11
A10	Sample 10	2	2	15	1289540	59.94	0.67	0.11
A10	Sample 10	2	2	16	1362250	59.94	0.67	0.11
A10	Sample 10	2	2	17	1435030	59.94	0.66	0.10
A11	Sample 11	2	2	1	270860	59.94	1.09	0.18
A11	Sample 11	2	2	2	343640	59.91	1.09	0.18
A11	Sample 11	2	2	3	416440	59.91	1.10	0.18
A11	Sample 11	2	2	4	489230	59.94	1.10	0.17
A11	Sample 11	2	2	5	561930	59.94	1.10	0.18
A11	Sample 11	2	2	6	634650	59.94	1.11	0.18
A11	Sample 11	2	2	7	707430	59.94	1.11	0.18
A11	Sample 11	2	2	8	780150	59.94	1.11	0.18
A11	Sample 11	2	2	9	852940	59.94	1.10	0.18
A11	Sample 11	2	2	10	925740	59.91	1.10	0.18
A11	Sample 11	2	2	11	998530	59.91	1.11	0.18
A11	Sample 11	2	2	12	1071250	59.91	1.12	0.18
A11	Sample 11	2	2	13	1144050	59.94	1.11	0.18
A11	Sample 11	2	2	14	1216830	59.94	1.11	0.18
A11	Sample 11	2	2	15	1289540	59.94	1.11	0.18
A11	Sample 11	2	2	16	1362250	59.94	1.12	0.18
A11	Sample 11	2	2	17	1435030	59.94	1.12	0.18
A12	Sample 12	2	2	1	270860	59.94	0.53	0.13
A12	Sample 12	2	2	2	343640	59.91	0.54	0.14
A12	Sample 12	2	2	3	416440	59.91	0.54	0.14
A12	Sample 12	2	2	4	489230	59.94	0.54	0.14
A12	Sample 12	2	2	5	561930	59.94	0.54	0.14
A12	Sample 12	2	2	6	634650	59.94	0.54	0.14
A12	Sample 12	2	2	7	707430	59.94	0.55	0.14
A12	Sample 12	2	2	8	780150	59.94	0.55	0.14
A12	Sample 12	2	2	9	852940	59.94	0.54	0.14
A12	Sample 12	2	2	10	925740	59.91	0.54	0.14
A12	Sample 12	2	2	11	998530	59.91	0.55	0.14
A12	Sample 12	2	2	12	1071250	59.91	0.55	0.14
A12	Sample 12	2	2	13	1144050	59.94	0.55	0.14
A12	Sample 12	2	2	14	1216830	59.94	0.55	0.14
A12	Sample 12	2	2	15	1289540	59.94	0.54	0.14
A12	Sample 12	2	2	16	1362250	59.94	0.55	0.14
A12	Sample 12	2	2	17	1435030	59.94	0.55	0.14
B1	Sample 13	2	2	1	270860	59.94	0.75	0.29
B1	Sample 13	2	2	2	343640	59.91	0.76	0.29
B1	Sample 13	2	2	3	416440	59.91	0.76	0.29
B1	Sample 13	2	2	4	489230	59.94	0.76	0.29
B1	Sample 13	2	2	5	561930	59.94	0.76	0.29
B1	Sample 13	2	2	6	634650	59.94	0.76	0.29
B1	Sample 13	2	2	7	707430	59.94	0.77	0.29
B1	Sample 13	2	2	8	780150	59.94	0.76	0.29
B1	Sample 13	2	2	9	852940	59.94	0.77	0.29
B1	Sample 13	2	2	10	925740	59.91	0.77	0.29
B1	Sample 13	2	2	11	998530	59.91	0.77	0.29
B1	Sample 13	2	2	12	1071250	59.91	0.77	0.30
B1	Sample 13	2	2	13	1144050	59.94	0.77	0.29
B1	Sample 13	2	2	14	1216830	59.94	0.78	0.30
B1	Sample 13	2	2	15	1289540	59.94	0.78	0.29
B1	Sample 13	2	2	16	1362250	59.94	0.78	0.29
B1	Sample 13	2	2	17	1435030	59.94	0.77	0.29
B2	Sample 14	2	2	1	270860	59.94	0.60	0.09
B2	Sample 14	2	2	2	343640	59.91	0.61	0.09
B2	Sample 14	2	2	3	416440	59.91	0.61	0.09
B2	Sample 14	2	2	4	489230	59.94	0.61	0.09
B2	Sample 14	2	2	5	561930	59.94	0.62	0.09
B2	Sample 14	2	2	6	634650	59.94	0.62	0.09
B2	Sample 14	2	2	7	707430	59.94	0.62	0.09
B2	Sample 14	2	2	8	780150	59.94	0.62	0.09
B2	Sample 14	2	2	9	852940	59.94	0.62	0.09
B2	Sample 14	2	2	10	925740	59.91	0.63	0.09
B2	Sample 14	2	2	11	998530	59.91	0.63	0.09
B2	Sample 14	2	2	12	1071250	59.91	0.63	0.09
B2	Sample 14	2	2	13	1144050	59.94	0.63	0.09
B2	Sample 14	2	2	14	1216830	59.94	0.64	0.10
B2	Sample 14	2	2	15	1289540	59.94	0.62	0.09
B2	Sample 14	2	2	16	1362250	59.94	0.63	0.09
B2	Sample 14	2	2	17	1435030	59.94	0.63	0.09
B3	Sample 15	2	2	1	270860	59.94	0.65	0.71
B3	Sample 15	2	2	2	343640	59.91	0.66	0.72
B3	Sample 15	2	2	3	416440	59.91	0.66	0.72
B3	Sample 15	2	2	4	489230	59.94	0.66	0.72
B3	Sample 15	2	2	5	561930	59.94	0.67	0.72
B3	Sample 15	2	2	6	634650	59.94	0.67	0.73
B3	Sample 15	2	2	7	707430	59.94	0.68	0.73
B3	Sample 15	2	2	8	780150	59.94	0.68	0.73
B3	Sample 15	2	2	9	852940	59.94	0.68	0.74
B3	Sample 15	2	2	10	925740	59.91	0.68	0.74
B3	Sample 15	2	2	11	998530	59.91	0.68	0.74
B3	Sample 15	2	2	12	1071250	59.91	0.68	0.75
B3	Sample 15	2	2	13	1144050	59.94	0.69	0.74
B3	Sample 15	2	2	14	1216830	59.94	0.69	0.75
B3	Sample 15	2	2	15	1289540	59.94	0.69	0.75
B3	Sample 15	2	2	16	1362250	59.94	0.68	0.75
B3	Sample 15	2	2	17	1435030	59.94	0.69	0.75
B4	Sample 16	2	2	1	270860	59.94	0.59	0.58
B4	Sample 16	2	2	2	343640	59.91	0.60	0.59
B4	Sample 16	2	2	3	416440	59.91	0.60	0.59
B4	Sample 16	2	2	4	489230	59.94	0.60	0.59
B4	Sample 16	2	2	5	561930	59.94	0.62	0.59
B4	Sample 16	2	2	6	634650	59.94	0.62	0.60
B4	Sample 16	2	2	7	707430	59.94	0.61	0.59
B4	Sample 16	2	2	8	780150	59.94	0.62	0.60
B4	Sample 16	2	2	9	852940	59.94	0.62	0.60
B4	Sample 16	2	2	10	925740	59.91	0.62	0.60
B4	Sample 16	2	2	11	998530	59.91	0.62	0.60
B4	Sample 16	2	2	12	1071250	59.91	0.62	0.60
B4	Sample 16	2	2	13	1144050	59.94	0.62	0.60
B4	Sample 16	2	2	14	1216830	59.94	0.63	0.61
B4	Sample 16	2	2	15	1289540	59.94	0.62	0.61
B4	Sample 16	2	2	16	1362250	59.94	0.63	0.60
B4	Sample 16	2	2	17	1435030	59.94	0.63	0.61
B5	Sample 17	2	2	1	270860	59.94	0.52	0.33
B5	Sample 17	2	2	2	343640	59.91	0.52	0.34
B5	Sample 17	2	2	3	416440	59.91	0.53	0.34
B5	Sample 17	2	2	4	489230	59.94	0.52	0.34
B5	Sample 17	2	2	5	561930	59.94	0.53	0.34
B5	Sample 17	2	2	6	634650	59.94	0.54	0.34
B5	Sample 17	2	2	7	707430	59.94	0.54	0.35
B5	Sample 17	2	2	8	780150	59.94	0.55	0.34
B5	Sample 17	2	2	9	852940	59.94	0.54	0.34
B5	Sample 17	2	2	10	925740	59.91	0.55	0.35
B5	Sample 17	2	2	11	998530	59.91	0.55	0.34
B5	Sample 17	2	2	12	1071250	59.91	0.55	0.35
B5	Sample 17	2	2	13	1144050	59.94	0.55	0.35
B5	Sample 17	2	2	14	1216830	59.94	0.55	0.34
B5	Sample 17	2	2	15	1289540	59.94	0.55	0.34
B5	Sample 17	2	2	16	1362250	59.94	0.55	0.35
B5	Sample 17	2	2	17	1435030	59.94	0.55	0.34
B6	Sample 18	2	2	1	270860	59.94	0.35	0.28
B6	Sample 18	2	2	2	343640	59.91	0.36	0.29
B6	Sample 18	2	2	3	416440	59.91	0.37	0.29
B6	Sample 18	2	2	4	489230	59.94	0.36	0.30
B6	Sample 18	2	2	5	561930	59.94	0.37	0.29
B6	Sample 18	2	2	6	634650	59.94	0.38	0.30
B6	Sample 18	2	2	7	707430	59.94	0.38	0.30
B6	Sample 18	2	2	8	780150	59.94	0.37	0.30
B6	Sample 18	2	2	9	852940	59.94	0.37	0.30
B6	Sample 18	2	2	10	925740	59.91	0.37	0.30
B6	Sample 18	2	2	11	998530	59.91	0.38	0.30
B6	Sample 18	2	2	12	1071250	59.91	0.37	0.30
B6	Sample 18	2	2	13	1144050	59.94	0.38	0.30
B6	Sample 18	2	2	14	1216830	59.94	0.38	0.31
B6	Sample 18	2	2	15	1289540	59.94	0.38	0.30
B6	Sample 18	2	2	16	1362250	59.94	0.38	0.30
B6	Sample 18	2	2	17	1435030	59.94	0.38	0.30
B7	Sample 19	2	2	1	270860	59.94	0.37	0.42
B7	Sample 19	2	2	2	343640	59.91	0.37	0.42
B7	Sample 19	2	2	3	416440	59.91	0.37	0.43
B7	Sample 19	2	2	4	489230	59.94	0.37	0.43
B7	Sample 19	2	2	5	561930	59.94	0.37	0.43
B7	Sample 19	2	2	6	634650	59.94	0.38	0.43
B7	Sample 19	2	2	7	707430	59.94	0.38	0.43
B7	Sample 19	2	2	8	780150	59.94	0.38	0.44
B7	Sample 19	2	2	9	852940	59.94	0.38	0.44
B7	Sample 19	2	2	10	925740	59.91	0.38	0.44
B7	Sample 19	2	2	11	998530	59.91	0.38	0.44
B7	Sample 19	2	2	12	1071250	59.91	0.39	0.45
B7	Sample 19	2	2	13	1144050	59.94	0.39	0.44
B7	Sample 19	2	2	14	1216830	59.94	0.39	0.45
B7	Sample 19	2	2	15	1289540	59.94	0.39	0.44
B7	Sample 19	2	2	16	1362250	59.94	0.39	0.44
B7	Sample 19	2	2	17	1435030	59.94	0.39	0.44
B8	Sample 20	2	2	1	270860	59.94	0.41	0.84
B8	Sample 20	2	2	2	343640	59.91	0.41	0.84
B8	Sample 20	2	2	3	416440	59.91	0.42	0.84
B8	Sample 20	2	2	4	489230	59.94	0.41	0.85
B8	Sample 20	2	2	5	561930	59.94	0.42	0.85
B8	Sample 20	2	2	6	634650	59.94	0.42	0.86
B8	Sample 20	2	2	7	707430	59.94	0.43	0.87
B8	Sample 20	2	2	8	780150	59.94	0.43	0.87
B8	Sample 20	2	2	9	852940	59.94	0.42	0.87
B8	Sample 20	2	2	10	925740	59.91	0.43	0.87
B8	Sample 20	2	2	11	998530	59.91	0.44	0.88
B8	Sample 20	2	2	12	1071250	59.91	0.43	0.88
B8	Sample 20	2	2	13	1144050	59.94	0.44	0.89
B8	Sample 20	2	2	14	1216830	59.94	0.44	0.88
B8	Sample 20	2	2	15	1289540	59.94	0.43	0.88
B8	Sample 20	2	2	16	1362250	59.94	0.43	0.88
B8	Sample 20	2	2	17	1435030	59.94	0.44	0.88
B9	Sample 21	2	2	1	270860	59.94	0.50	1.22
B9	Sample 21	2	2	2	343640	59.91	0.51	1.23
B9	Sample 21	2	2	3	416440	59.91	0.51	1.25
B9	Sample 21	2	2	4	489230	59.94	0.52	1.26
B9	Sample 21	2	2	5	561930	59.94	0.52	1.25
B9	Sample 21	2	2	6	634650	59.94	0.52	1.27
B9	Sample 21	2	2	7	707430	59.94	0.53	1.28
B9	Sample 21	2	2	8	780150	59.94	0.53	1.29
B9	Sample 21	2	2	9	852940	59.94	0.53	1.29
B9	Sample 21	2	2	10	925740	59.91	0.53	1.30
B9	Sample 21	2	2	11	998530	59.91	0.53	1.30
B9	Sample 21	2	2	12	1071250	59.91	0.53	1.30
B9	Sample 21	2	2	13	1144050	59.94	0.54	1.31
B9	Sample 21	2	2	14	1216830	59.94	0.54	1.31
B9	Sample 21	2	2	15	1289540	59.94	0.54	1.31
B9	Sample 21	2	2	16	1362250	59.94	0.54	1.31
B9	Sample 21	2	2	17	1435030	59.94	0.55	1.31
B10	Sample 22	2	2	1	270860	59.94	0.43	0.70
B10	Sample 22	2	2	2	343640	59.91	0.45	0.71
B10	Sample 22	2	2	3	416440	59.91	0.45	0.71
B10	Sample 22	2	2	4	489230	59.94	0.45	0.71
B10	Sample 22	2	2	5	561930	59.94	0.45	0.71
B10	Sample 22	2	2	6	634650	59.94	0.46	0.71
B10	Sample 22	2	2	7	707430	59.94	0.46	0.72
B10	Sample 22	2	2	8	780150	59.94	0.46	0.72
B10	Sample 22	2	2	9	852940	59.94	0.46	0.72
B10	Sample 22	2	2	10	925740	59.91	0.46	0.72
B10	Sample 22	2	2	11	998530	59.91	0.46	0.72
B10	Sample 22	2	2	12	1071250	59.91	0.47	0.73
B10	Sample 22	2	2	13	1144050	59.94	0.46	0.73
B10	Sample 22	2	2	14	1216830	59.94	0.47	0.73
B10	Sample 22	2	2	15	1289540	59.94	0.47	0.73
B10	Sample 22	2	2	16	1362250	59.94	0.47	0.73
B10	Sample 22	2	2	17	1435030	59.94	0.47	0.73
B11	Sample 23	2	2	1	270860	59.94	0.28	0.21
B11	Sample 23	2	2	2	343640	59.91	0.29	0.21
B11	Sample 23	2	2	3	416440	59.91	0.29	0.21
B11	Sample 23	2	2	4	489230	59.94	0.28	0.22
B11	Sample 23	2	2	5	561930	59.94	0.29	0.21
B11	Sample 23	2	2	6	634650	59.94	0.29	0.21
B11	Sample 23	2	2	7	707430	59.94	0.30	0.21
B11	Sample 23	2	2	8	780150	59.94	0.29	0.22
B11	Sample 23	2	2	9	852940	59.94	0.29	0.22
B11	Sample 23	2	2	10	925740	59.91	0.30	0.21
B11	Sample 23	2	2	11	998530	59.91	0.29	0.22
B11	Sample 23	2	2	12	1071250	59.91	0.30	0.22
B11	Sample 23	2	2	13	1144050	59.94	0.30	0.21
B11	Sample 23	2	2	14	1216830	59.94	0.29	0.22
B11	Sample 23	2	2	15	1289540	59.94	0.29	0.21
B11	Sample 23	2	2	16	1362250	59.94	0.30	0.21
B11	Sample 23	2	2	17	1435030	59.94	0.30	0.21
B12	Sample 24	2	2	1	270860	59.94	0.32	0.17
B12	Sample 24	2	2	2	343640	59.91	0.33	0.17
B12	Sample 24	2	2	3	416440	59.91	0.33	0.17
B12	Sample 24	2	2	4	489230	59.94	0.33	0.17
B12	Sample 24	2	2	5	561930	59.94	0.33	0.16
B12	Sample 24	2	2	6	634650	59.94	0.33	0.17
B12	Sample 24	2	2	7	707430	59.94	0.33	0.17
B12	Sample 24	2	2	8	780150	59.94	0.34	0.17
B12	Sample 24	2	2	9	852940	59.94	0.33	0.17
B12	Sample 24	2	2	10	925740	59.91	0.34	0.17
B12	Sample 24	2	2	11	998530	59.91	0.33	0.17
B12	Sample 24	2	2	12	1071250	59.91	0.34	0.17
B12	Sample 24	2	2	13	1144050	59.94	0.34	0.17
B12	Sample 24	2	2	14	1216830	59.94	0.34	0.17
B12	Sample 24	2	2	15	1289540	59.94	0.33	0.17
B12	Sample 24	2	2	16	1362250	59.94	0.34	0.17
B12	Sample 24	2	2	17	1435030	59.94	0.34	0.17
C1	Sample 25	2	2	1	270860	59.94	0.70	0.13
C1	Sample 25	2	2	2	343640	59.91	0.71	0.13
C1	Sample 25	2	2	3	416440	59.91	0.72	0.13
C1	Sample 25	2	2	4	489230	59.94	0.72	0.14
C1	Sample 25	2	2	5	561930	59.94	0.72	0.14
C1	Sample 25	2	2	6	634650	59.94	0.72	0.14
C1	Sample 25	2	2	7	707430	59.94	0.73	0.14
C1	Sample 25	2	2	8	780150	59.94	0.73	0.14
C1	Sample 25	2	2	9	852940	59.94	0.73	0.14
C1	Sample 25	2	2	10	925740	59.91	0.73	0.14
C1	Sample 25	2	2	11	998530	59.91	0.73	0.14
C1	Sample 25	2	2	12	1071250	59.91	0.73	0.14
C1	Sample 25	2	2	13	1144050	59.94	0.74	0.14
C1	Sample 25	2	2	14	1216830	59.94	0.74	0.14
C1	Sample 25	2	2	15	1289540	59.94	0.73	0.14
C1	Sample 25	2	2	16	1362250	59.94	0.74	0.14
C1	Sample 25	2	2	17	1435030	59.94	0.74	0.14
C2	Sample 26	2	2	1	270860	59.94	0.75	0.08
C2	Sample 26	2	2	2	343640	59.91	0.75	0.08
C2	Sample 26	2	2	3	416440	59.91	0.77	0.08
C2	Sample 26	2	2	4	489230	59.94	0.77	0.08
C2	Sample 26	2	2	5	561930	59.94	0.77	0.08
C2	Sample 26	2	2	6	634650	59.94	0.77	0.08
C2	Sample 26	2	2	7	707430	59.94	0.79	0.08
C2	Sample 26	2	2	8	780150	59.94	0.78	0.08
C2	Sample 26	2	2	9	852940	59.94	0.78	0.08
C2	Sample 26	2	2	10	925740	59.91	0.78	0.08
C2	Sample 26	2	2	11	998530	59.91	0.79	0.08
C2	Sample 26	2	2	12	1071250	59.91	0.79	0.09
C2	Sample 26	2	2	13	1144050	59.94	0.79	0.08
C2	Sample 26	2	2	14	1216830	59.94	0.79	0.08
C2	Sample 26	2	2	15	1289540	59.94	0.79	0.08
C2	Sample 26	2	2	16	1362250	59.94	0.79	0.08
C2	Sample 26	2	2	17	1435030	59.94	0.79	0.08
C3	Water	2	2	1	270860	59.94	1.08	0.29
C3	Water	2	2	2	343640	59.91	1.07	0.30
C3	Water	2	2	3	416440	59.91	1.07	0.30
C3	Water	2	2	4	489230	59.94	1.06	0.30
C3	Water	2	2	5	561930	59.94	1.07	0.30
C3	Water	2	2	6	634650	59.94	1.07	0.30
C3	Water	2	2	7	707430	59.94	1.07	0.29
C3	Water	2	2	8	780150	59.94	1.07	0.29
C3	Water	2	2	9	852940	59.94	1.08	0.29
C3	Water	2	2	10	925740	59.91	1.08	0.28
C3	Water	2	2	11	998530	59.91	1.07	0.29
C3	Water	2	2	12	1071250	59.91	1.07	0.28
C3	Water	2	2	13	1144050	59.94	1.07	0.28
C3	Water	2	2	14	1216830	59.94	1.08	0.28
C3	Water	2	2	15	1289540	59.94	1.08	0.28
C3	Water	2	2	16	1362250	59.94	1.08	0.28
C3	Water	2	2	17	1435030	59.94	1.08	0.27
C4	Sample 28	2	2	1	270860	59.94	0.89	2.24
C4	Sample 28	2	2	2	343640	59.91	0.91	2.24
C4	Sample 28	2	2	3	416440	59.91	0.91	2.26
C4	Sample 28	2	2	4	489230	59.94	0.91	2.28
C4	Sample 28	2	2	5	561930	59.94	0.91	2.28
C4	Sample 28	2	2	6	634650	59.94	0.92	2.29
C4	Sample 28	2	2	7	707430	59.94	0.92	2.31
C4	Sample 28	2	2	8	780150	59.94	0.93	2.32
C4	Sample 28	2	2	9	852940	59.94	0.93	2.32
C4	Sample 28	2	2	10	925740	59.91	0.94	2.34
C4	Sample 28	2	2	11	998530	59.91	0.93	2.35
C4	Sample 28	2	2	12	1071250	59.91	0.94	2.35
C4	Sample 28	2	2	13	1144050	59.94	0.95	2.36
C4	Sample 28	2	2	14	1216830	59.94	0.94	2.36
C4	Sample 28	2	2	15	1289540	59.94	0.94	2.36
C4	Sample 28	2	2	16	1362250	59.94	0.95	2.36
C4	Sample 28	2	2	17	1435030	59.94	0.94	2.37
C5	SS1	2	2	1	270860	59.94	0.85	0.35
C5	SS1	2	2	2	343640	59.91	0.91	0.39
C5	SS1	2	2	3	416440	59.91	1.00	0.40
C5	SS1	2	2	4	489230	59.94	1.16	0.41
C5	SS1	2	2	5	561930	59.94	1.45	0.41
C5	SS1	2	2	6	634650	59.94	1.82	0.42
C5	SS1	2	2	7	707430	59.94	2.19	0.42
C5	SS1	2	2	8	780150	59.94	2.48	0.42
C5	SS1	2	2	9	852940	59.94	2.67	0.42
C5	SS1	2	2	10	925740	59.91	2.80	0.42
C5	SS1	2	2	11	998530	59.91	2.89	0.42
C5	SS1	2	2	12	1071250	59.91	2.94	0.42
C5	SS1	2	2	13	1144050	59.94	2.98	0.42
C5	SS1	2	2	14	1216830	59.94	3.00	0.42
C5	SS1	2	2	15	1289540	59.94	3.03	0.41
C5	SS1	2	2	16	1362250	59.94	3.04	0.42
C5	SS1	2	2	17	1435030	59.94	3.04	0.41
C6	Sample 30	2	2	1	270860	59.94	0.62	1.33
C6	Sample 30	2	2	2	343640	59.91	0.63	1.33
C6	Sample 30	2	2	3	416440	59.91	0.64	1.34
C6	Sample 30	2	2	4	489230	59.94	0.64	1.35
C6	Sample 30	2	2	5	561930	59.94	0.64	1.35
C6	Sample 30	2	2	6	634650	59.94	0.65	1.36
C6	Sample 30	2	2	7	707430	59.94	0.65	1.36
C6	Sample 30	2	2	8	780150	59.94	0.65	1.36
C6	Sample 30	2	2	9	852940	59.94	0.66	1.37
C6	Sample 30	2	2	10	925740	59.91	0.66	1.37
C6	Sample 30	2	2	11	998530	59.91	0.66	1.38
C6	Sample 30	2	2	12	1071250	59.91	0.67	1.37
C6	Sample 30	2	2	13	1144050	59.94	0.67	1.37
C6	Sample 30	2	2	14	1216830	59.94	0.67	1.37
C6	Sample 30	2	2	15	1289540	59.94	0.66	1.37
C6	Sample 30	2	2	16	1362250	59.94	0.67	1.37
C6	Sample 30	2	2	17	1435030	59.94	0.67	1.37
C7	SS2	2	2	1	270860	59.94	0.85	0.35
C7	SS2	2	2	2	343640	59.91	0.84	0.39
C7	SS2	2	2	3	416440	59.91	0.85	0.43
C7	SS2	2	2	4	489230	59.94	0.85	0.49
C7	SS2	2	2	5	561930	59.94	0.86	0.58
C7	SS2	2	2	6	634650	59.94	0.86	0.71
C7	SS2	2	2	7	707430	59.94	0.86	0.84
C7	SS2	2	2	8	780150	59.94	0.85	0.96
C7	SS2	2	2	9	852940	59.94	0.86	1.05
C7	SS2	2	2	10	925740	59.91	0.86	1.10
C7	SS2	2	2	11	998530	59.91	0.86	1.13
C7	SS2	2	2	12	1071250	59.91	0.87	1.15
C7	SS2	2	2	13	1144050	59.94	0.86	1.17
C7	SS2	2	2	14	1216830	59.94	0.86	1.18
C7	SS2	2	2	15	1289540	59.94	0.87	1.18
C7	SS2	2	2	16	1362250	59.94	0.86	1.19
C7	SS2	2	2	17	1435030	59.94	0.86	1.19
C8	Sample 32	2	2	1	270860	59.94	0.64	1.64
C8	Sample 32	2	2	2	343640	59.91	0.65	1.67
C8	Sample 32	2	2	3	416440	59.91	0.66	1.69
C8	Sample 32	2	2	4	489230	59.94	0.66	1.70
C8	Sample 32	2	2	5	561930	59.94	0.66	1.72
C8	Sample 32	2	2	6	634650	59.94	0.67	1.74
C8	Sample 32	2	2	7	707430	59.94	0.67	1.75
C8	Sample 32	2	2	8	780150	59.94	0.68	1.76
C8	Sample 32	2	2	9	852940	59.94	0.68	1.78
C8	Sample 32	2	2	10	925740	59.91	0.68	1.79
C8	Sample 32	2	2	11	998530	59.91	0.68	1.80
C8	Sample 32	2	2	12	1071250	59.91	0.69	1.81
C8	Sample 32	2	2	13	1144050	59.94	0.69	1.81
C8	Sample 32	2	2	14	1216830	59.94	0.69	1.82
C8	Sample 32	2	2	15	1289540	59.94	0.70	1.82
C8	Sample 32	2	2	16	1362250	59.94	0.69	1.83
C8	Sample 32	2	2	17	1435030	59.94	0.70	1.83
C9	SS1+SS2	2	2	1	270860	59.94	0.82	0.42
C9	SS1+SS2	2	2	2	343640	59.91	0.85	0.47
C9	SS1+SS2	2	2	3	416440	59.91	0.90	0.51
C9	SS1+SS2	2	2	4	489230	59.94	0.99	0.55
C9	SS1+SS2	2	2	5	561930	59.94	1.13	0.62
C9	SS1+SS2	2	2	6	634650	59.94	1.31	0.73
C9	SS1+SS2	2	2	7	707430	59.94	1.49	0.85
C9	SS1+SS2	2	2	8	780150	59.94	1.65	0.96
C9	SS1+SS2	2	2	9	852940	59.94	1.77	1.04
C9	SS1+SS2	2	2	10	925740	59.91	1.85	1.09
C9	SS1+SS2	2	2	11	998530	59.91	1.90	1.12
C9	SS1+SS2	2	2	12	1071250	59.91	1.93	1.14
C9	SS1+SS2	2	2	13	1144050	59.94	1.96	1.15
C9	SS1+SS2	2	2	14	1216830	59.94	1.99	1.16
C9	SS1+SS2	2	2	15	1289540	59.94	2.00	1.16
C9	SS1+SS2	2	2	16	1362250	59.94	2.00	1.17
C9	SS1+SS2	2	2	17	1435030	59.94	2.01	1.17
C10	Sample 34	2	2	1	270860	59.94	0.71	1.11
C10	Sample 34	2	2	2	343640	59.91	0.72	1.11
C10	Sample 34	2	2	3	416440	59.91	0.73	1.13
C10	Sample 34	2	2	4	489230	59.94	0.73	1.13
C10	Sample 34	2	2	5	561930	59.94	0.74	1.15
C10	Sample 34	2	2	6	634650	59.94	0.74	1.16
C10	Sample 34	2	2	7	707430	59.94	0.74	1.16
C10	Sample 34	2	2	8	780150	59.94	0.75	1.18
C10	Sample 34	2	2	9	852940	59.94	0.75	1.18
C10	Sample 34	2	2	10	925740	59.91	0.75	1.19
C10	Sample 34	2	2	11	998530	59.91	0.75	1.20
C10	Sample 34	2	2	12	1071250	59.91	0.76	1.20
C10	Sample 34	2	2	13	1144050	59.94	0.76	1.21
C10	Sample 34	2	2	14	1216830	59.94	0.76	1.22
C10	Sample 34	2	2	15	1289540	59.94	0.76	1.22
C10	Sample 34	2	2	16	1362250	59.94	0.76	1.22
C10	Sample 34	2	2	17	1435030	59.94	0.77	1.22
C11	Sample 35	2	2	1	270860	59.94	0.73	0.31
C11	Sample 35	2	2	2	343640	59.91	0.74	0.31
C11	Sample 35	2	2	3	416440	59.91	0.74	0.31
C11	Sample 35	2	2	4	489230	59.94	0.74	0.31
C11	Sample 35	2	2	5	561930	59.94	0.74	0.31
C11	Sample 35	2	2	6	634650	59.94	0.74	0.31
C11	Sample 35	2	2	7	707430	59.94	0.74	0.32
C11	Sample 35	2	2	8	780150	59.94	0.74	0.32
C11	Sample 35	2	2	9	852940	59.94	0.75	0.32
C11	Sample 35	2	2	10	925740	59.91	0.75	0.32
C11	Sample 35	2	2	11	998530	59.91	0.74	0.32
C11	Sample 35	2	2	12	1071250	59.91	0.75	0.32
C11	Sample 35	2	2	13	1144050	59.94	0.75	0.33
C11	Sample 35	2	2	14	1216830	59.94	0.75	0.33
C11	Sample 35	2	2	15	1289540	59.94	0.75	0.32
C11	Sample 35	2	2	16	1362250	59.94	0.76	0.33
C11	Sample 35	2	2	17	1435030	59.94	0.76	0.33
C12	Sample 36	2	2	1	270860	59.94	0.41	0.33
C12	Sample 36	2	2	2	343640	59.91	0.42	0.35
C12	Sample 36	2	2	3	416440	59.91	0.42	0.34
C12	Sample 36	2	2	4	489230	59.94	0.42	0.34
C12	Sample 36	2	2	5	561930	59.94	0.42	0.34
C12	Sample 36	2	2	6	634650	59.94	0.42	0.35
C12	Sample 36	2	2	7	707430	59.94	0.42	0.35
C12	Sample 36	2	2	8	780150	59.94	0.42	0.34
C12	Sample 36	2	2	9	852940	59.94	0.42	0.34
C12	Sample 36	2	2	10	925740	59.91	0.43	0.35
C12	Sample 36	2	2	11	998530	59.91	0.42	0.34
C12	Sample 36	2	2	12	1071250	59.91	0.43	0.35
C12	Sample 36	2	2	13	1144050	59.94	0.43	0.35
C12	Sample 36	2	2	14	1216830	59.94	0.43	0.34
C12	Sample 36	2	2	15	1289540	59.94	0.43	0.35
C12	Sample 36	2	2	16	1362250	59.94	0.43	0.34
C12	Sample 36	2	2	17	1435030	59.94	0.43	0.35
D1	Sample 37	2	2	1	270860	59.94	0.74	0.19
D1	Sample 37	2	2	2	343640	59.91	0.74	0.19
D1	Sample 37	2	2	3	416440	59.91	0.75	0.19
D1	Sample 37	2	2	4	489230	59.94	0.75	0.19
D1	Sample 37	2	2	5	561930	59.94	0.76	0.19
D1	Sample 37	2	2	6	634650	59.94	0.76	0.19
D1	Sample 37	2	2	7	707430	59.94	0.76	0.19
D1	Sample 37	2	2	8	780150	59.94	0.76	0.19
D1	Sample 37	2	2	9	852940	59.94	0.76	0.19
D1	Sample 37	2	2	10	925740	59.91	0.76	0.19
D1	Sample 37	2	2	11	998530	59.91	0.77	0.19
D1	Sample 37	2	2	12	1071250	59.91	0.76	0.19
D1	Sample 37	2	2	13	1144050	59.94	0.77	0.20
D1	Sample 37	2	2	14	1216830	59.94	0.77	0.19
D1	Sample 37	2	2	15	1289540	59.94	0.77	0.19
D1	Sample 37	2	2	16	1362250	59.94	0.77	0.19
D1	Sample 37	2	2	17	1435030	59.94	0.77	0.19
D2	Sample 38	2	2	1	270860	59.94	0.94	0.20
D2	Sample 38	2	2	2	343640	59.91	0.94	0.20
D2	Sample 38	2	2	3	416440	59.91	0.95	0.20
D2	Sample 38	2	2	4	489230	59.94	0.95	0.20
D2	Sample 38	2	2	5	561930	59.94	0.95	0.20
D2	Sample 38	2	2	6	634650	59.94	0.96	0.20
D2	Sample 38	2	2	7	707430	59.94	0.96	0.20
D2	Sample 38	2	2	8	780150	59.94	0.95	0.20
D2	Sample 38	2	2	9	852940	59.94	0.95	0.20
D2	Sample 38	2	2	10	925740	59.91	0.95	0.20
D2	Sample 38	2	2	11	998530	59.91	0.96	0.20
D2	Sample 38	2	2	12	1071250	59.91	0.96	0.21
D2	Sample 38	2	2	13	1144050	59.94	0.97	0.20
D2	Sample 38	2	2	14	1216830	59.94	0.97	0.21
D2	Sample 38	2	2	15	1289540	59.94	0.96	0.20
D2	Sample 38	2	2	16	1362250	59.94	0.96	0.21
D2	Sample 38	2	2	17	1435030	59.94	0.97	0.20
D3	Water	2	2	1	270860	59.94	1.11	0.34
D3	Water	2	2	2	343640	59.91	1.09	0.35
D3	Water	2	2	3	416440	59.91	1.09	0.36
D3	Water	2	2	4	489230	59.94	1.08	0.36
D3	Water	2	2	5	561930	59.94	1.09	0.37
D3	Water	2	2	6	634650	59.94	1.09	0.37
D3	Water	2	2	7	707430	59.94	1.09	0.37
D3	Water	2	2	8	780150	59.94	1.09	0.36
D3	Water	2	2	9	852940	59.94	1.09	0.36
D3	Water	2	2	10	925740	59.91	1.10	0.36
D3	Water	2	2	11	998530	59.91	1.09	0.36
D3	Water	2	2	12	1071250	59.91	1.09	0.36
D3	Water	2	2	13	1144050	59.94	1.10	0.35
D3	Water	2	2	14	1216830	59.94	1.10	0.35
D3	Water	2	2	15	1289540	59.94	1.10	0.35
D3	Water	2	2	16	1362250	59.94	1.10	0.35
D3	Water	2	2	17	1435030	59.94	1.10	0.35
D4	Sample 40	2	2	1	270860	59.94	0.93	3.03
D4	Sample 40	2	2	2	343640	59.91	0.95	3.05
D4	Sample 40	2	2	3	416440	59.91	0.96	3.06
D4	Sample 40	2	2	4	489230	59.94	0.96	3.09
D4	Sample 40	2	2	5	561930	59.94	0.97	3.10
D4	Sample 40	2	2	6	634650	59.94	0.97	3.11
D4	Sample 40	2	2	7	707430	59.94	0.98	3.13
D4	Sample 40	2	2	8	780150	59.94	0.98	3.14
D4	Sample 40	2	2	9	852940	59.94	0.97	3.14
D4	Sample 40	2	2	10	925740	59.91	0.99	3.15
D4	Sample 40	2	2	11	998530	59.91	0.99	3.15
D4	Sample 40	2	2	12	1071250	59.91	0.99	3.16
D4	Sample 40	2	2	13	1144050	59.94	0.99	3.16
D4	Sample 40	2	2	14	1216830	59.94	0.99	3.16
D4	Sample 40	2	2	15	1289540	59.94	0.99	3.16
D4	Sample 40	2	2	16	1362250	59.94	0.99	3.16
D4	Sample 40	2	2	17	1435030	59.94	1.00	3.17
D5	SS1	2	2	1	270860	59.94	0.92	0.49
D5	SS1	2	2	2	343640	59.91	0.98	0.58
D5	SS1	2	2	3	416440	59.91	1.09	0.63
D5	SS1	2	2	4	489230	59.94	1.27	0.63
D5	SS1	2	2	5	561930	59.94	1.58	0.64
D5	SS1	2	2	6	634650	59.94	1.97	0.64
D5	SS1	2	2	7	707430	59.94	2.38	0.65
D5	SS1	2	2	8	780150	59.94	2.68	0.64
D5	SS1	2	2	9	852940	59.94	2.88	0.65
D5	SS1	2	2	10	925740	59.91	3.00	0.64
D5	SS1	2	2	11	998530	59.91	3.08	0.64
D5	SS1	2	2	12	1071250	59.91	3.15	0.65
D5	SS1	2	2	13	1144050	59.94	3.19	0.64
D5	SS1	2	2	14	1216830	59.94	3.22	0.64
D5	SS1	2	2	15	1289540	59.94	3.23	0.64
D5	SS1	2	2	16	1362250	59.94	3.25	0.64
D5	SS1	2	2	17	1435030	59.94	3.26	0.64
D6	Sample 42	2	2	1	270860	59.94	0.65	2.37
D6	Sample 42	2	2	2	343640	59.91	0.66	2.39
D6	Sample 42	2	2	3	416440	59.91	0.67	2.42
D6	Sample 42	2	2	4	489230	59.94	0.66	2.44
D6	Sample 42	2	2	5	561930	59.94	0.67	2.45
D6	Sample 42	2	2	6	634650	59.94	0.68	2.47
D6	Sample 42	2	2	7	707430	59.94	0.69	2.49
D6	Sample 42	2	2	8	780150	59.94	0.68	2.49
D6	Sample 42	2	2	9	852940	59.94	0.69	2.49
D6	Sample 42	2	2	10	925740	59.91	0.69	2.50
D6	Sample 42	2	2	11	998530	59.91	0.69	2.51
D6	Sample 42	2	2	12	1071250	59.91	0.70	2.51
D6	Sample 42	2	2	13	1144050	59.94	0.70	2.52
D6	Sample 42	2	2	14	1216830	59.94	0.69	2.53
D6	Sample 42	2	2	15	1289540	59.94	0.70	2.52
D6	Sample 42	2	2	16	1362250	59.94	0.69	2.52
D6	Sample 42	2	2	17	1435030	59.94	0.70	2.52
D7	SS2	2	2	1	270860	59.94	0.81	0.46
D7	SS2	2	2	2	343640	59.91	0.81	0.55
D7	SS2	2	2	3	416440	59.91	0.81	0.62
D7	SS2	2	2	4	489230	59.94	0.82	0.70
D7	SS2	2	2	5	561930	59.94	0.82	0.81
D7	SS2	2	2	6	634650	59.94	0.82	0.93
D7	SS2	2	2	7	707430	59.94	0.84	1.07
D7	SS2	2	2	8	780150	59.94	0.83	1.18
D7	SS2	2	2	9	852940	59.94	0.83	1.27
D7	SS2	2	2	10	925740	59.91	0.83	1.33
D7	SS2	2	2	11	998530	59.91	0.84	1.36
D7	SS2	2	2	12	1071250	59.91	0.83	1.38
D7	SS2	2	2	13	1144050	59.94	0.83	1.39
D7	SS2	2	2	14	1216830	59.94	0.84	1.40
D7	SS2	2	2	15	1289540	59.94	0.84	1.41
D7	SS2	2	2	16	1362250	59.94	0.83	1.42
D7	SS2	2	2	17	1435030	59.94	0.84	1.43
D8	Sample 44	2	2	1	270860	59.94	0.64	2.05
D8	Sample 44	2	2	2	343640	59.91	0.64	2.07
D8	Sample 44	2	2	3	416440	59.91	0.65	2.08
D8	Sample 44	2	2	4	489230	59.94	0.65	2.10
D8	Sample 44	2	2	5	561930	59.94	0.66	2.13
D8	Sample 44	2	2	6	634650	59.94	0.67	2.15
D8	Sample 44	2	2	7	707430	59.94	0.67	2.18
D8	Sample 44	2	2	8	780150	59.94	0.67	2.20
D8	Sample 44	2	2	9	852940	59.94	0.67	2.22
D8	Sample 44	2	2	10	925740	59.91	0.68	2.24
D8	Sample 44	2	2	11	998530	59.91	0.68	2.25
D8	Sample 44	2	2	12	1071250	59.91	0.69	2.26
D8	Sample 44	2	2	13	1144050	59.94	0.69	2.27
D8	Sample 44	2	2	14	1216830	59.94	0.69	2.27
D8	Sample 44	2	2	15	1289540	59.94	0.69	2.28
D8	Sample 44	2	2	16	1362250	59.94	0.69	2.28
D8	Sample 44	2	2	17	1435030	59.94	0.69	2.29
D9	SS1+SS2	2	2	1	270860	59.94	0.92	0.53
D9	SS1+SS2	2	2	2	343640	59.91	0.94	0.59
D9	SS1+SS2	2	2	3	416440	59.91	1.01	0.64
D9	SS1+SS2	2	2	4	489230	59.94	1.10	0.69
D9	SS1+SS2	2	2	5	561930	59.94	1.24	0.78
D9	SS1+SS2	2	2	6	634650	59.94	1.44	0.89
D9	SS1+SS2	2	2	7	707430	59.94	1.65	1.03
D9	SS1+SS2	2	2	8	780150	59.94	1.81	1.15
D9	SS1+SS2	2	2	9	852940	59.94	1.94	1.23
D9	SS1+SS2	2	2	10	925740	59.91	2.03	1.29
D9	SS1+SS2	2	2	11	998530	59.91	2.09	1.31
D9	SS1+SS2	2	2	12	1071250	59.91	2.12	1.34
D9	SS1+SS2	2	2	13	1144050	59.94	2.16	1.35
D9	SS1+SS2	2	2	14	1216830	59.94	2.17	1.35
D9	SS1+SS2	2	2	15	1289540	59.94	2.18	1.37
D9	SS1+SS2	2	2	16	1362250	59.94	2.20	1.37
D9	SS1+SS2	2	2	17	1435030	59.94	2.21	1.38
D10	Sample 46	2	2	1	270860	59.94	0.96	1.57
D10	Sample 46	2	2	2	343640	59.91	0.95	1.58
D10	Sample 46	2	2	3	416440	59.91	0.97	1.60
D10	Sample 46	2	2	4	489230	59.94	0.97	1.62
D10	Sample 46	2	2	5	561930	59.94	0.98	1.64
D10	Sample 46	2	2	6	634650	59.94	0.99	1.65
D10	Sample 46	2	2	7	707430	59.94	0.99	1.68
D10	Sample 46	2	2	8	780150	59.94	0.99	1.68
D10	Sample 46	2	2	9	852940	59.94	1.00	1.70
D10	Sample 46	2	2	10	925740	59.91	1.00	1.71
D10	Sample 46	2	2	11	998530	59.91	1.01	1.72
D10	Sample 46	2	2	12	1071250	59.91	1.01	1.73
D10	Sample 46	2	2	13	1144050	59.94	1.01	1.74
D10	Sample 46	2	2	14	1216830	59.94	1.02	1.75
D10	Sample 46	2	2	15	1289540	59.94	1.01	1.75
D10	Sample 46	2	2	16	1362250	59.94	1.02	1.76
D10	Sample 46	2	2	17	1435030	59.94	1.03	1.77
D11	Sample 47	2	2	1	270860	59.94	0.91	0.74
D11	Sample 47	2	2	2	343640	59.91	0.92	0.75
D11	Sample 47	2	2	3	416440	59.91	0.93	0.76
D11	Sample 47	2	2	4	489230	59.94	0.94	0.76
D11	Sample 47	2	2	5	561930	59.94	0.94	0.77
D11	Sample 47	2	2	6	634650	59.94	0.95	0.77
D11	Sample 47	2	2	7	707430	59.94	0.96	0.77
D11	Sample 47	2	2	8	780150	59.94	0.96	0.77
D11	Sample 47	2	2	9	852940	59.94	0.96	0.78
D11	Sample 47	2	2	10	925740	59.91	0.96	0.78
D11	Sample 47	2	2	11	998530	59.91	0.96	0.78
D11	Sample 47	2	2	12	1071250	59.91	0.96	0.78
D11	Sample 47	2	2	13	1144050	59.94	0.97	0.78
D11	Sample 47	2	2	14	1216830	59.94	0.97	0.79
D11	Sample 47	2	2	15	1289540	59.94	0.97	0.79
D11	Sample 47	2	2	16	1362250	59.94	0.97	0.79
D11	Sample 47	2	2	17	1435030	59.94	0.97	0.79
D12	Sample 48	2	2	1	270860	59.94	0.54	0.92
D12	Sample 48	2	2	2	343640	59.91	0.55	0.94
D12	Sample 48	2	2	3	416440	59.91	0.55	0.94
D12	Sample 48	2	2	4	489230	59.94	0.55	0.95
D12	Sample 48	2	2	5	561930	59.94	0.56	0.95
D12	Sample 48	2	2	6	634650	59.94	0.55	0.95
D12	Sample 48	2	2	7	707430	59.94	0.56	0.95
D12	Sample 48	2	2	8	780150	59.94	0.56	0.96
D12	Sample 48	2	2	9	852940	59.94	0.56	0.96
D12	Sample 48	2	2	10	925740	59.91	0.56	0.96
D12	Sample 48	2	2	11	998530	59.91	0.56	0.96
D12	Sample 48	2	2	12	1071250	59.91	0.56	0.96
D12	Sample 48	2	2	13	1144050	59.94	0.56	0.96
D12	Sample 48	2	2	14	1216830	59.94	0.56	0.96
D12	Sample 48	2	2	15	1289540	59.94	0.56	0.96
D12	Sample 48	2	2	16	1362250	59.94	0.57	0.96
D12	Sample 48	2	2	17	1435030	59.94	0.56	0.96
E1	Sample 49	2	2	1	270860	59.94	0.82	0.39
E1	Sample 49	2	2	2	343640	59.91	0.83	0.39
E1	Sample 49	2	2	3	416440	59.91	0.83	0.39
E1	Sample 49	2	2	4	489230	59.94	0.83	0.39
E1	Sample 49	2	2	5	561930	59.94	0.83	0.39
E1	Sample 49	2	2	6	634650	59.94	0.83	0.39
E1	Sample 49	2	2	7	707430	59.94	0.83	0.39
E1	Sample 49	2	2	8	780150	59.94	0.83	0.39
E1	Sample 49	2	2	9	852940	59.94	0.84	0.39
E1	Sample 49	2	2	10	925740	59.91	0.84	0.39
E1	Sample 49	2	2	11	998530	59.91	0.85	0.39
E1	Sample 49	2	2	12	1071250	59.91	0.84	0.39
E1	Sample 49	2	2	13	1144050	59.94	0.84	0.39
E1	Sample 49	2	2	14	1216830	59.94	0.85	0.39
E1	Sample 49	2	2	15	1289540	59.94	0.85	0.39
E1	Sample 49	2	2	16	1362250	59.94	0.85	0.38
E1	Sample 49	2	2	17	1435030	59.94	0.85	0.38
E2	Sample 50	2	2	1	270860	59.94	0.93	0.33
E2	Sample 50	2	2	2	343640	59.91	0.94	0.33
E2	Sample 50	2	2	3	416440	59.91	0.95	0.33
E2	Sample 50	2	2	4	489230	59.94	0.95	0.34
E2	Sample 50	2	2	5	561930	59.94	0.96	0.34
E2	Sample 50	2	2	6	634650	59.94	0.96	0.34
E2	Sample 50	2	2	7	707430	59.94	0.96	0.34
E2	Sample 50	2	2	8	780150	59.94	0.97	0.35
E2	Sample 50	2	2	9	852940	59.94	0.97	0.34
E2	Sample 50	2	2	10	925740	59.91	0.97	0.35
E2	Sample 50	2	2	11	998530	59.91	0.97	0.35
E2	Sample 50	2	2	12	1071250	59.91	0.97	0.35
E2	Sample 50	2	2	13	1144050	59.94	0.98	0.35
E2	Sample 50	2	2	14	1216830	59.94	0.98	0.35
E2	Sample 50	2	2	15	1289540	59.94	0.98	0.35
E2	Sample 50	2	2	16	1362250	59.94	0.98	0.35
E2	Sample 50	2	2	17	1435030	59.94	0.98	0.35
E3	Water	2	2	1	270860	59.94	1.08	0.29
E3	Water	2	2	2	343640	59.91	1.07	0.29
E3	Water	2	2	3	416440	59.91	1.08	0.30
E3	Water	2	2	4	489230	59.94	1.08	0.29
E3	Water	2	2	5	561930	59.94	1.07	0.29
E3	Water	2	2	6	634650	59.94	1.08	0.28
E3	Water	2	2	7	707430	59.94	1.08	0.28
E3	Water	2	2	8	780150	59.94	1.08	0.28
E3	Water	2	2	9	852940	59.94	1.08	0.27
E3	Water	2	2	10	925740	59.91	1.08	0.27
E3	Water	2	2	11	998530	59.91	1.08	0.27
E3	Water	2	2	12	1071250	59.91	1.08	0.27
E3	Water	2	2	13	1144050	59.94	1.08	0.26
E3	Water	2	2	14	1216830	59.94	1.08	0.26
E3	Water	2	2	15	1289540	59.94	1.08	0.26
E3	Water	2	2	16	1362250	59.94	1.08	0.26
E3	Water	2	2	17	1435030	59.94	1.08	0.26
E4	Sample 52	2	2	1	270860	59.94	0.89	1.79
E4	Sample 52	2	2	2	343640	59.91	0.90	1.81
E4	Sample 52	2	2	3	416440	59.91	0.91	1.83
E4	Sample 52	2	2	4	489230	59.94	0.91	1.84
E4	Sample 52	2	2	5	561930	59.94	0.92	1.85
E4	Sample 52	2	2	6	634650	59.94	0.93	1.87
E4	Sample 52	2	2	7	707430	59.94	0.93	1.87
E4	Sample 52	2	2	8	780150	59.94	0.93	1.89
E4	Sample 52	2	2	9	852940	59.94	0.94	1.89
E4	Sample 52	2	2	10	925740	59.91	0.94	1.89
E4	Sample 52	2	2	11	998530	59.91	0.95	1.90
E4	Sample 52	2	2	12	1071250	59.91	0.95	1.91
E4	Sample 52	2	2	13	1144050	59.94	0.95	1.92
E4	Sample 52	2	2	14	1216830	59.94	0.94	1.92
E4	Sample 52	2	2	15	1289540	59.94	0.95	1.92
E4	Sample 52	2	2	16	1362250	59.94	0.95	1.93
E4	Sample 52	2	2	17	1435030	59.94	0.96	1.93
E5	SS1	2	2	1	270860	59.94	0.97	0.42
E5	SS1	2	2	2	343640	59.91	1.03	0.44
E5	SS1	2	2	3	416440	59.91	1.15	0.45
E5	SS1	2	2	4	489230	59.94	1.36	0.48
E5	SS1	2	2	5	561930	59.94	1.69	0.49
E5	SS1	2	2	6	634650	59.94	2.12	0.50
E5	SS1	2	2	7	707430	59.94	2.52	0.50
E5	SS1	2	2	8	780150	59.94	2.82	0.49
E5	SS1	2	2	9	852940	59.94	3.03	0.49
E5	SS1	2	2	10	925740	59.91	3.15	0.49
E5	SS1	2	2	11	998530	59.91	3.23	0.49
E5	SS1	2	2	12	1071250	59.91	3.29	0.50
E5	SS1	2	2	13	1144050	59.94	3.33	0.49
E5	SS1	2	2	14	1216830	59.94	3.34	0.49
E5	SS1	2	2	15	1289540	59.94	3.37	0.49
E5	SS1	2	2	16	1362250	59.94	3.40	0.49
E5	SS1	2	2	17	1435030	59.94	3.41	0.48
E6	Sample 54	2	2	1	270860	59.94	0.99	3.45
E6	Sample 54	2	2	2	343640	59.91	1.02	3.49
E6	Sample 54	2	2	3	416440	59.91	1.02	3.52
E6	Sample 54	2	2	4	489230	59.94	1.03	3.54
E6	Sample 54	2	2	5	561930	59.94	1.03	3.55
E6	Sample 54	2	2	6	634650	59.94	1.04	3.58
E6	Sample 54	2	2	7	707430	59.94	1.04	3.60
E6	Sample 54	2	2	8	780150	59.94	1.05	3.62
E6	Sample 54	2	2	9	852940	59.94	1.07	3.61
E6	Sample 54	2	2	10	925740	59.91	1.06	3.63
E6	Sample 54	2	2	11	998530	59.91	1.07	3.64
E6	Sample 54	2	2	12	1071250	59.91	1.07	3.65
E6	Sample 54	2	2	13	1144050	59.94	1.08	3.65
E6	Sample 54	2	2	14	1216830	59.94	1.07	3.66
E6	Sample 54	2	2	15	1289540	59.94	1.08	3.65
E6	Sample 54	2	2	16	1362250	59.94	1.07	3.66
E6	Sample 54	2	2	17	1435030	59.94	1.08	3.66
E7	SS2	2	2	1	270860	59.94	1.04	0.48
E7	SS2	2	2	2	343640	59.91	1.05	0.57
E7	SS2	2	2	3	416440	59.91	1.06	0.63
E7	SS2	2	2	4	489230	59.94	1.06	0.71
E7	SS2	2	2	5	561930	59.94	1.06	0.82
E7	SS2	2	2	6	634650	59.94	1.07	0.95
E7	SS2	2	2	7	707430	59.94	1.07	1.10
E7	SS2	2	2	8	780150	59.94	1.07	1.23
E7	SS2	2	2	9	852940	59.94	1.08	1.30
E7	SS2	2	2	10	925740	59.91	1.08	1.36
E7	SS2	2	2	11	998530	59.91	1.08	1.39
E7	SS2	2	2	12	1071250	59.91	1.08	1.41
E7	SS2	2	2	13	1144050	59.94	1.07	1.42
E7	SS2	2	2	14	1216830	59.94	1.08	1.43
E7	SS2	2	2	15	1289540	59.94	1.08	1.44
E7	SS2	2	2	16	1362250	59.94	1.08	1.45
E7	SS2	2	2	17	1435030	59.94	1.08	1.44
E8	Sample 56	2	2	1	270860	59.94	0.88	1.90
E8	Sample 56	2	2	2	343640	59.91	0.90	1.92
E8	Sample 56	2	2	3	416440	59.91	0.91	1.94
E8	Sample 56	2	2	4	489230	59.94	0.91	1.97
E8	Sample 56	2	2	5	561930	59.94	0.92	1.99
E8	Sample 56	2	2	6	634650	59.94	0.92	2.01
E8	Sample 56	2	2	7	707430	59.94	0.93	2.04
E8	Sample 56	2	2	8	780150	59.94	0.93	2.06
E8	Sample 56	2	2	9	852940	59.94	0.93	2.06
E8	Sample 56	2	2	10	925740	59.91	0.93	2.08
E8	Sample 56	2	2	11	998530	59.91	0.94	2.10
E8	Sample 56	2	2	12	1071250	59.91	0.95	2.11
E8	Sample 56	2	2	13	1144050	59.94	0.95	2.12
E8	Sample 56	2	2	14	1216830	59.94	0.95	2.12
E8	Sample 56	2	2	15	1289540	59.94	0.95	2.13
E8	Sample 56	2	2	16	1362250	59.94	0.95	2.13
E8	Sample 56	2	2	17	1435030	59.94	0.95	2.14
E9	SS1+SS2	2	2	1	270860	59.94	1.00	0.33
E9	SS1+SS2	2	2	2	343640	59.91	1.04	0.36
E9	SS1+SS2	2	2	3	416440	59.91	1.10	0.41
E9	SS1+SS2	2	2	4	489230	59.94	1.20	0.44
E9	SS1+SS2	2	2	5	561930	59.94	1.37	0.52
E9	SS1+SS2	2	2	6	634650	59.94	1.60	0.64
E9	SS1+SS2	2	2	7	707430	59.94	1.82	0.79
E9	SS1+SS2	2	2	8	780150	59.94	2.02	0.91
E9	SS1+SS2	2	2	9	852940	59.94	2.15	0.99
E9	SS1+SS2	2	2	10	925740	59.91	2.24	1.04
E9	SS1+SS2	2	2	11	998530	59.91	2.31	1.08
E9	SS1+SS2	2	2	12	1071250	59.91	2.34	1.10
E9	SS1+SS2	2	2	13	1144050	59.94	2.38	1.11
E9	SS1+SS2	2	2	14	1216830	59.94	2.39	1.12
E9	SS1+SS2	2	2	15	1289540	59.94	2.41	1.13
E9	SS1+SS2	2	2	16	1362250	59.94	2.42	1.14
E9	SS1+SS2	2	2	17	1435030	59.94	2.45	1.15
E10	Sample 58	2	2	1	270860	59.94	0.99	0.82
E10	Sample 58	2	2	2	343640	59.91	1.00	0.83
E10	Sample 58	2	2	3	416440	59.91	1.01	0.84
E10	Sample 58	2	2	4	489230	59.94	1.02	0.85
E10	Sample 58	2	2	5	561930	59.94	1.03	0.86
E10	Sample 58	2	2	6	634650	59.94	1.03	0.87
E10	Sample 58	2	2	7	707430	59.94	1.03	0.88
E10	Sample 58	2	2	8	780150	59.94	1.04	0.89
E10	Sample 58	2	2	9	852940	59.94	1.04	0.89
E10	Sample 58	2	2	10	925740	59.91	1.05	0.90
E10	Sample 58	2	2	11	998530	59.91	1.06	0.91
E10	Sample 58	2	2	12	1071250	59.91	1.06	0.92
E10	Sample 58	2	2	13	1144050	59.94	1.06	0.92
E10	Sample 58	2	2	14	1216830	59.94	1.06	0.93
E10	Sample 58	2	2	15	1289540	59.94	1.06	0.93
E10	Sample 58	2	2	16	1362250	59.94	1.06	0.93
E10	Sample 58	2	2	17	1435030	59.94	1.07	0.93
E11	Sample 59	2	2	1	270860	59.94	0.92	0.78
E11	Sample 59	2	2	2	343640	59.91	0.95	0.82
E11	Sample 59	2	2	3	416440	59.91	0.94	0.83
E11	Sample 59	2	2	4	489230	59.94	0.95	0.84
E11	Sample 59	2	2	5	561930	59.94	0.96	0.83
E11	Sample 59	2	2	6	634650	59.94	0.96	0.84
E11	Sample 59	2	2	7	707430	59.94	0.96	0.86
E11	Sample 59	2	2	8	780150	59.94	0.97	0.87
E11	Sample 59	2	2	9	852940	59.94	0.97	0.87
E11	Sample 59	2	2	10	925740	59.91	0.97	0.87
E11	Sample 59	2	2	11	998530	59.91	0.98	0.87
E11	Sample 59	2	2	12	1071250	59.91	0.98	0.88
E11	Sample 59	2	2	13	1144050	59.94	0.99	0.89
E11	Sample 59	2	2	14	1216830	59.94	0.98	0.89
E11	Sample 59	2	2	15	1289540	59.94	0.99	0.89
E11	Sample 59	2	2	16	1362250	59.94	0.98	0.90
E11	Sample 59	2	2	17	1435030	59.94	1.00	0.90
E12	Sample 60	2	2	1	270860	59.94	0.71	0.54
E12	Sample 60	2	2	2	343640	59.91	0.72	0.56
E12	Sample 60	2	2	3	416440	59.91	0.72	0.56
E12	Sample 60	2	2	4	489230	59.94	0.72	0.57
E12	Sample 60	2	2	5	561930	59.94	0.72	0.57
E12	Sample 60	2	2	6	634650	59.94	0.73	0.57
E12	Sample 60	2	2	7	707430	59.94	0.73	0.57
E12	Sample 60	2	2	8	780150	59.94	0.73	0.58
E12	Sample 60	2	2	9	852940	59.94	0.73	0.57
E12	Sample 60	2	2	10	925740	59.91	0.73	0.57
E12	Sample 60	2	2	11	998530	59.91	0.74	0.58
E12	Sample 60	2	2	12	1071250	59.91	0.73	0.58
E12	Sample 60	2	2	13	1144050	59.94	0.74	0.58
E12	Sample 60	2	2	14	1216830	59.94	0.74	0.57
E12	Sample 60	2	2	15	1289540	59.94	0.74	0.58
E12	Sample 60	2	2	16	1362250	59.94	0.74	0.58
E12	Sample 60	2	2	17	1435030	59.94	0.74	0.57
F1	Sample 61	2	2	1	270860	59.94	0.59	0.11
F1	Sample 61	2	2	2	343640	59.91	0.60	0.10
F1	Sample 61	2	2	3	416440	59.91	0.60	0.11
F1	Sample 61	2	2	4	489230	59.94	0.61	0.11
F1	Sample 61	2	2	5	561930	59.94	0.60	0.10
F1	Sample 61	2	2	6	634650	59.94	0.61	0.11
F1	Sample 61	2	2	7	707430	59.94	0.61	0.11
F1	Sample 61	2	2	8	780150	59.94	0.61	0.11
F1	Sample 61	2	2	9	852940	59.94	0.61	0.11
F1	Sample 61	2	2	10	925740	59.91	0.61	0.11
F1	Sample 61	2	2	11	998530	59.91	0.62	0.11
F1	Sample 61	2	2	12	1071250	59.91	0.62	0.11
F1	Sample 61	2	2	13	1144050	59.94	0.62	0.11
F1	Sample 61	2	2	14	1216830	59.94	0.62	0.11
F1	Sample 61	2	2	15	1289540	59.94	0.62	0.11
F1	Sample 61	2	2	16	1362250	59.94	0.62	0.11
F1	Sample 61	2	2	17	1435030	59.94	0.63	0.11
F2	Sample 62	2	2	1	270860	59.94	0.79	0.10
F2	Sample 62	2	2	2	343640	59.91	0.81	0.10
F2	Sample 62	2	2	3	416440	59.91	0.81	0.10
F2	Sample 62	2	2	4	489230	59.94	0.81	0.10
F2	Sample 62	2	2	5	561930	59.94	0.81	0.10
F2	Sample 62	2	2	6	634650	59.94	0.82	0.10
F2	Sample 62	2	2	7	707430	59.94	0.82	0.10
F2	Sample 62	2	2	8	780150	59.94	0.82	0.10
F2	Sample 62	2	2	9	852940	59.94	0.82	0.10
F2	Sample 62	2	2	10	925740	59.91	0.83	0.10
F2	Sample 62	2	2	11	998530	59.91	0.83	0.10
F2	Sample 62	2	2	12	1071250	59.91	0.84	0.10
F2	Sample 62	2	2	13	1144050	59.94	0.83	0.10
F2	Sample 62	2	2	14	1216830	59.94	0.84	0.10
F2	Sample 62	2	2	15	1289540	59.94	0.83	0.10
F2	Sample 62	2	2	16	1362250	59.94	0.84	0.11
F2	Sample 62	2	2	17	1435030	59.94	0.84	0.10
F3	Sample 63	2	2	1	270860	59.94	0.90	0.17
F3	Sample 63	2	2	2	343640	59.91	0.91	0.17
F3	Sample 63	2	2	3	416440	59.91	0.92	0.18
F3	Sample 63	2	2	4	489230	59.94	0.93	0.18
F3	Sample 63	2	2	5	561930	59.94	0.92	0.18
F3	Sample 63	2	2	6	634650	59.94	0.93	0.18
F3	Sample 63	2	2	7	707430	59.94	0.94	0.19
F3	Sample 63	2	2	8	780150	59.94	0.93	0.19
F3	Sample 63	2	2	9	852940	59.94	0.94	0.19
F3	Sample 63	2	2	10	925740	59.91	0.94	0.19
F3	Sample 63	2	2	11	998530	59.91	0.94	0.19
F3	Sample 63	2	2	12	1071250	59.91	0.95	0.19
F3	Sample 63	2	2	13	1144050	59.94	0.96	0.19
F3	Sample 63	2	2	14	1216830	59.94	0.95	0.19
F3	Sample 63	2	2	15	1289540	59.94	0.95	0.19
F3	Sample 63	2	2	16	1362250	59.94	0.96	0.19
F3	Sample 63	2	2	17	1435030	59.94	0.96	0.19
F4	Sample 64	2	2	1	270860	59.94	0.94	0.33
F4	Sample 64	2	2	2	343640	59.91	0.96	0.33
F4	Sample 64	2	2	3	416440	59.91	0.95	0.34
F4	Sample 64	2	2	4	489230	59.94	0.96	0.33
F4	Sample 64	2	2	5	561930	59.94	0.96	0.34
F4	Sample 64	2	2	6	634650	59.94	0.98	0.34
F4	Sample 64	2	2	7	707430	59.94	0.97	0.34
F4	Sample 64	2	2	8	780150	59.94	0.98	0.35
F4	Sample 64	2	2	9	852940	59.94	0.98	0.35
F4	Sample 64	2	2	10	925740	59.91	0.99	0.35
F4	Sample 64	2	2	11	998530	59.91	0.99	0.35
F4	Sample 64	2	2	12	1071250	59.91	0.99	0.35
F4	Sample 64	2	2	13	1144050	59.94	1.00	0.35
F4	Sample 64	2	2	14	1216830	59.94	1.00	0.35
F4	Sample 64	2	2	15	1289540	59.94	1.00	0.35
F4	Sample 64	2	2	16	1362250	59.94	1.00	0.35
F4	Sample 64	2	2	17	1435030	59.94	1.01	0.35
F5	Sample 65	2	2	1	270860	59.94	1.05	0.23
F5	Sample 65	2	2	2	343640	59.91	1.07	0.23
F5	Sample 65	2	2	3	416440	59.91	1.06	0.24
F5	Sample 65	2	2	4	489230	59.94	1.08	0.24
F5	Sample 65	2	2	5	561930	59.94	1.08	0.24
F5	Sample 65	2	2	6	634650	59.94	1.08	0.24
F5	Sample 65	2	2	7	707430	59.94	1.08	0.24
F5	Sample 65	2	2	8	780150	59.94	1.09	0.25
F5	Sample 65	2	2	9	852940	59.94	1.09	0.25
F5	Sample 65	2	2	10	925740	59.91	1.10	0.25
F5	Sample 65	2	2	11	998530	59.91	1.09	0.25
F5	Sample 65	2	2	12	1071250	59.91	1.10	0.25
F5	Sample 65	2	2	13	1144050	59.94	1.11	0.25
F5	Sample 65	2	2	14	1216830	59.94	1.10	0.25
F5	Sample 65	2	2	15	1289540	59.94	1.11	0.25
F5	Sample 65	2	2	16	1362250	59.94	1.10	0.26
F5	Sample 65	2	2	17	1435030	59.94	1.11	0.25
F6	Sample 66	2	2	1	270860	59.94	0.92	0.14
F6	Sample 66	2	2	2	343640	59.91	0.93	0.14
F6	Sample 66	2	2	3	416440	59.91	0.93	0.14
F6	Sample 66	2	2	4	489230	59.94	0.94	0.14
F6	Sample 66	2	2	5	561930	59.94	0.94	0.14
F6	Sample 66	2	2	6	634650	59.94	0.95	0.14
F6	Sample 66	2	2	7	707430	59.94	0.97	0.14
F6	Sample 66	2	2	8	780150	59.94	0.95	0.15
F6	Sample 66	2	2	9	852940	59.94	0.96	0.15
F6	Sample 66	2	2	10	925740	59.91	0.96	0.15
F6	Sample 66	2	2	11	998530	59.91	0.97	0.15
F6	Sample 66	2	2	12	1071250	59.91	0.97	0.15
F6	Sample 66	2	2	13	1144050	59.94	0.98	0.15
F6	Sample 66	2	2	14	1216830	59.94	0.97	0.15
F6	Sample 66	2	2	15	1289540	59.94	0.98	0.15
F6	Sample 66	2	2	16	1362250	59.94	0.97	0.15
F6	Sample 66	2	2	17	1435030	59.94	0.98	0.15
F7	Sample 67	2	2	1	270860	59.94	0.94	0.16
F7	Sample 67	2	2	2	343640	59.91	0.96	0.16
F7	Sample 67	2	2	3	416440	59.91	0.96	0.16
F7	Sample 67	2	2	4	489230	59.94	0.97	0.16
F7	Sample 67	2	2	5	561930	59.94	0.97	0.16
F7	Sample 67	2	2	6	634650	59.94	0.98	0.16
F7	Sample 67	2	2	7	707430	59.94	0.98	0.17
F7	Sample 67	2	2	8	780150	59.94	0.98	0.17
F7	Sample 67	2	2	9	852940	59.94	0.99	0.17
F7	Sample 67	2	2	10	925740	59.91	0.99	0.17
F7	Sample 67	2	2	11	998530	59.91	0.99	0.17
F7	Sample 67	2	2	12	1071250	59.91	1.00	0.17
F7	Sample 67	2	2	13	1144050	59.94	1.00	0.17
F7	Sample 67	2	2	14	1216830	59.94	1.00	0.17
F7	Sample 67	2	2	15	1289540	59.94	1.00	0.17
F7	Sample 67	2	2	16	1362250	59.94	1.00	0.18
F7	Sample 67	2	2	17	1435030	59.94	1.01	0.17
F8	Sample 68	2	2	1	270860	59.94	0.95	0.26
F8	Sample 68	2	2	2	343640	59.91	0.97	0.27
F8	Sample 68	2	2	3	416440	59.91	0.98	0.28
F8	Sample 68	2	2	4	489230	59.94	0.98	0.28
F8	Sample 68	2	2	5	561930	59.94	0.99	0.28
F8	Sample 68	2	2	6	634650	59.94	0.99	0.28
F8	Sample 68	2	2	7	707430	59.94	1.00	0.29
F8	Sample 68	2	2	8	780150	59.94	1.00	0.29
F8	Sample 68	2	2	9	852940	59.94	1.00	0.29
F8	Sample 68	2	2	10	925740	59.91	1.01	0.29
F8	Sample 68	2	2	11	998530	59.91	1.01	0.30
F8	Sample 68	2	2	12	1071250	59.91	1.02	0.30
F8	Sample 68	2	2	13	1144050	59.94	1.02	0.29
F8	Sample 68	2	2	14	1216830	59.94	1.02	0.30
F8	Sample 68	2	2	15	1289540	59.94	1.02	0.30
F8	Sample 68	2	2	16	1362250	59.94	1.03	0.30
F8	Sample 68	2	2	17	1435030	59.94	1.03	0.30
F9	Sample 69	2	2	1	270860	59.94	0.92	0.27
F9	Sample 69	2	2	2	343640	59.91	0.93	0.27
F9	Sample 69	2	2	3	416440	59.91	0.93	0.28
F9	Sample 69	2	2	4	489230	59.94	0.94	0.28
F9	Sample 69	2	2	5	561930	59.94	0.94	0.29
F9	Sample 69	2	2	6	634650	59.94	0.95	0.29
F9	Sample 69	2	2	7	707430	59.94	0.95	0.29
F9	Sample 69	2	2	8	780150	59.94	0.96	0.29
F9	Sample 69	2	2	9	852940	59.94	0.96	0.30
F9	Sample 69	2	2	10	925740	59.91	0.96	0.30
F9	Sample 69	2	2	11	998530	59.91	0.97	0.30
F9	Sample 69	2	2	12	1071250	59.91	0.97	0.30
F9	Sample 69	2	2	13	1144050	59.94	0.98	0.30
F9	Sample 69	2	2	14	1216830	59.94	0.97	0.30
F9	Sample 69	2	2	15	1289540	59.94	0.98	0.30
F9	Sample 69	2	2	16	1362250	59.94	0.98	0.30
F9	Sample 69	2	2	17	1435030	59.94	0.99	0.30
F10	Sample 70	2	2	1	270860	59.94	0.93	0.32
F10	Sample 70	2	2	2	343640	59.91	0.94	0.31
F10	Sample 70	2	2	3	416440	59.91	0.95	0.31
F10	Sample 70	2	2	4	489230	59.94	0.96	0.31
F10	Sample 70	2	2	5	561930	59.94	0.96	0.32
F10	Sample 70	2	2	6	634650	59.94	0.97	0.32
F10	Sample 70	2	2	7	707430	59.94	0.98	0.32
F10	Sample 70	2	2	8	780150	59.94	0.98	0.32
F10	Sample 70	2	2	9	852940	59.94	0.98	0.32
F10	Sample 70	2	2	10	925740	59.91	0.98	0.33
F10	Sample 70	2	2	11	998530	59.91	0.99	0.32
F10	Sample 70	2	2	12	1071250	59.91	1.00	0.32
F10	Sample 70	2	2	13	1144050	59.94	1.00	0.32
F10	Sample 70	2	2	14	1216830	59.94	1.00	0.33
F10	Sample 70	2	2	15	1289540	59.94	1.00	0.33
F10	Sample 70	2	2	16	1362250	59.94	1.00	0.33
F10	Sample 70	2	2	17	1435030	59.94	1.01	0.32
F11	Sample 71	2	2	1	270860	59.94	0.81	0.10
F11	Sample 71	2	2	2	343640	59.91	0.82	0.10
F11	Sample 71	2	2	3	416440	59.91	0.82	0.11
F11	Sample 71	2	2	4	489230	59.94	0.84	0.10
F11	Sample 71	2	2	5	561930	59.94	0.83	0.10
F11	Sample 71	2	2	6	634650	59.94	0.84	0.11
F11	Sample 71	2	2	7	707430	59.94	0.84	0.11
F11	Sample 71	2	2	8	780150	59.94	0.84	0.11
F11	Sample 71	2	2	9	852940	59.94	0.84	0.11
F11	Sample 71	2	2	10	925740	59.91	0.85	0.11
F11	Sample 71	2	2	11	998530	59.91	0.84	0.11
F11	Sample 71	2	2	12	1071250	59.91	0.85	0.11
F11	Sample 71	2	2	13	1144050	59.94	0.86	0.11
F11	Sample 71	2	2	14	1216830	59.94	0.86	0.11
F11	Sample 71	2	2	15	1289540	59.94	0.86	0.11
F11	Sample 71	2	2	16	1362250	59.94	0.86	0.11
F11	Sample 71	2	2	17	1435030	59.94	0.87	0.11
F12	Sample 72	2	2	1	270860	59.94	0.59	0.22
F12	Sample 72	2	2	2	343640	59.91	0.60	0.23
F12	Sample 72	2	2	3	416440	59.91	0.61	0.24
F12	Sample 72	2	2	4	489230	59.94	0.61	0.23
F12	Sample 72	2	2	5	561930	59.94	0.61	0.24
F12	Sample 72	2	2	6	634650	59.94	0.61	0.24
F12	Sample 72	2	2	7	707430	59.94	0.62	0.25
F12	Sample 72	2	2	8	780150	59.94	0.62	0.24
F12	Sample 72	2	2	9	852940	59.94	0.62	0.25
F12	Sample 72	2	2	10	925740	59.91	0.62	0.25
F12	Sample 72	2	2	11	998530	59.91	0.62	0.25
F12	Sample 72	2	2	12	1071250	59.91	0.62	0.25
F12	Sample 72	2	2	13	1144050	59.94	0.63	0.24
F12	Sample 72	2	2	14	1216830	59.94	0.63	0.24
F12	Sample 72	2	2	15	1289540	59.94	0.63	0.24
F12	Sample 72	2	2	16	1362250	59.94	0.63	0.25
F12	Sample 72	2	2	17	1435030	59.94	0.63	0.24
G1	Sample 73	2	2	1	270860	59.94	0.44	0.09
G1	Sample 73	2	2	2	343640	59.91	0.45	0.09
G1	Sample 73	2	2	3	416440	59.91	0.45	0.09
G1	Sample 73	2	2	4	489230	59.94	0.45	0.09
G1	Sample 73	2	2	5	561930	59.94	0.46	0.09
G1	Sample 73	2	2	6	634650	59.94	0.46	0.09
G1	Sample 73	2	2	7	707430	59.94	0.46	0.09
G1	Sample 73	2	2	8	780150	59.94	0.46	0.09
G1	Sample 73	2	2	9	852940	59.94	0.46	0.09
G1	Sample 73	2	2	10	925740	59.91	0.46	0.09
G1	Sample 73	2	2	11	998530	59.91	0.46	0.09
G1	Sample 73	2	2	12	1071250	59.91	0.46	0.09
G1	Sample 73	2	2	13	1144050	59.94	0.46	0.09
G1	Sample 73	2	2	14	1216830	59.94	0.46	0.09
G1	Sample 73	2	2	15	1289540	59.94	0.47	0.09
G1	Sample 73	2	2	16	1362250	59.94	0.46	0.09
G1	Sample 73	2	2	17	1435030	59.94	0.46	0.09
G2	Sample 74	2	2	1	270860	59.94	0.57	0.35
G2	Sample 74	2	2	2	343640	59.91	0.57	0.35
G2	Sample 74	2	2	3	416440	59.91	0.58	0.36
G2	Sample 74	2	2	4	489230	59.94	0.58	0.36
G2	Sample 74	2	2	5	561930	59.94	0.58	0.35
G2	Sample 74	2	2	6	634650	59.94	0.58	0.36
G2	Sample 74	2	2	7	707430	59.94	0.58	0.36
G2	Sample 74	2	2	8	780150	59.94	0.59	0.36
G2	Sample 74	2	2	9	852940	59.94	0.58	0.36
G2	Sample 74	2	2	10	925740	59.91	0.59	0.36
G2	Sample 74	2	2	11	998530	59.91	0.58	0.35
G2	Sample 74	2	2	12	1071250	59.91	0.59	0.36
G2	Sample 74	2	2	13	1144050	59.94	0.58	0.35
G2	Sample 74	2	2	14	1216830	59.94	0.59	0.36
G2	Sample 74	2	2	15	1289540	59.94	0.59	0.35
G2	Sample 74	2	2	16	1362250	59.94	0.58	0.35
G2	Sample 74	2	2	17	1435030	59.94	0.59	0.35
G3	Sample 75	2	2	1	270860	59.94	0.78	0.31
G3	Sample 75	2	2	2	343640	59.91	0.79	0.32
G3	Sample 75	2	2	3	416440	59.91	0.79	0.33
G3	Sample 75	2	2	4	489230	59.94	0.79	0.32
G3	Sample 75	2	2	5	561930	59.94	0.79	0.32
G3	Sample 75	2	2	6	634650	59.94	0.80	0.33
G3	Sample 75	2	2	7	707430	59.94	0.80	0.33
G3	Sample 75	2	2	8	780150	59.94	0.80	0.33
G3	Sample 75	2	2	9	852940	59.94	0.80	0.33
G3	Sample 75	2	2	10	925740	59.91	0.80	0.33
G3	Sample 75	2	2	11	998530	59.91	0.80	0.33
G3	Sample 75	2	2	12	1071250	59.91	0.81	0.33
G3	Sample 75	2	2	13	1144050	59.94	0.81	0.33
G3	Sample 75	2	2	14	1216830	59.94	0.81	0.33
G3	Sample 75	2	2	15	1289540	59.94	0.81	0.33
G3	Sample 75	2	2	16	1362250	59.94	0.81	0.33
G3	Sample 75	2	2	17	1435030	59.94	0.82	0.33
G4	Sample 76	2	2	1	270860	59.94	0.91	0.19
G4	Sample 76	2	2	2	343640	59.91	0.91	0.19
G4	Sample 76	2	2	3	416440	59.91	0.91	0.20
G4	Sample 76	2	2	4	489230	59.94	0.92	0.19
G4	Sample 76	2	2	5	561930	59.94	0.92	0.20
G4	Sample 76	2	2	6	634650	59.94	0.94	0.20
G4	Sample 76	2	2	7	707430	59.94	0.94	0.20
G4	Sample 76	2	2	8	780150	59.94	0.93	0.20
G4	Sample 76	2	2	9	852940	59.94	0.94	0.20
G4	Sample 76	2	2	10	925740	59.91	0.94	0.20
G4	Sample 76	2	2	11	998530	59.91	0.94	0.20
G4	Sample 76	2	2	12	1071250	59.91	0.94	0.20
G4	Sample 76	2	2	13	1144050	59.94	0.94	0.20
G4	Sample 76	2	2	14	1216830	59.94	0.95	0.20
G4	Sample 76	2	2	15	1289540	59.94	0.95	0.20
G4	Sample 76	2	2	16	1362250	59.94	0.95	0.20
G4	Sample 76	2	2	17	1435030	59.94	0.95	0.20
G5	Sample 77	2	2	1	270860	59.94	1.01	0.23
G5	Sample 77	2	2	2	343640	59.91	1.03	0.23
G5	Sample 77	2	2	3	416440	59.91	1.04	0.23
G5	Sample 77	2	2	4	489230	59.94	1.03	0.23
G5	Sample 77	2	2	5	561930	59.94	1.05	0.23
G5	Sample 77	2	2	6	634650	59.94	1.05	0.23
G5	Sample 77	2	2	7	707430	59.94	1.05	0.23
G5	Sample 77	2	2	8	780150	59.94	1.05	0.23
G5	Sample 77	2	2	9	852940	59.94	1.05	0.23
G5	Sample 77	2	2	10	925740	59.91	1.07	0.24
G5	Sample 77	2	2	11	998530	59.91	1.07	0.23
G5	Sample 77	2	2	12	1071250	59.91	1.07	0.23
G5	Sample 77	2	2	13	1144050	59.94	1.07	0.23
G5	Sample 77	2	2	14	1216830	59.94	1.08	0.23
G5	Sample 77	2	2	15	1289540	59.94	1.08	0.23
G5	Sample 77	2	2	16	1362250	59.94	1.08	0.23
G5	Sample 77	2	2	17	1435030	59.94	1.08	0.23
G6	Sample 78	2	2	1	270860	59.94	0.84	0.13
G6	Sample 78	2	2	2	343640	59.91	0.85	0.13
G6	Sample 78	2	2	3	416440	59.91	0.87	0.14
G6	Sample 78	2	2	4	489230	59.94	0.86	0.14
G6	Sample 78	2	2	5	561930	59.94	0.87	0.14
G6	Sample 78	2	2	6	634650	59.94	0.88	0.14
G6	Sample 78	2	2	7	707430	59.94	0.88	0.14
G6	Sample 78	2	2	8	780150	59.94	0.87	0.14
G6	Sample 78	2	2	9	852940	59.94	0.88	0.14
G6	Sample 78	2	2	10	925740	59.91	0.88	0.14
G6	Sample 78	2	2	11	998530	59.91	0.89	0.14
G6	Sample 78	2	2	12	1071250	59.91	0.89	0.14
G6	Sample 78	2	2	13	1144050	59.94	0.90	0.14
G6	Sample 78	2	2	14	1216830	59.94	0.90	0.14
G6	Sample 78	2	2	15	1289540	59.94	0.90	0.14
G6	Sample 78	2	2	16	1362250	59.94	0.90	0.14
G6	Sample 78	2	2	17	1435030	59.94	0.90	0.14
G7	Sample 79	2	2	1	270860	59.94	0.75	0.07
G7	Sample 79	2	2	2	343640	59.91	0.76	0.07
G7	Sample 79	2	2	3	416440	59.91	0.76	0.07
G7	Sample 79	2	2	4	489230	59.94	0.76	0.07
G7	Sample 79	2	2	5	561930	59.94	0.77	0.07
G7	Sample 79	2	2	6	634650	59.94	0.77	0.07
G7	Sample 79	2	2	7	707430	59.94	0.77	0.07
G7	Sample 79	2	2	8	780150	59.94	0.78	0.07
G7	Sample 79	2	2	9	852940	59.94	0.78	0.07
G7	Sample 79	2	2	10	925740	59.91	0.78	0.07
G7	Sample 79	2	2	11	998530	59.91	0.78	0.07
G7	Sample 79	2	2	12	1071250	59.91	0.78	0.07
G7	Sample 79	2	2	13	1144050	59.94	0.79	0.07
G7	Sample 79	2	2	14	1216830	59.94	0.79	0.08
G7	Sample 79	2	2	15	1289540	59.94	0.79	0.07
G7	Sample 79	2	2	16	1362250	59.94	0.79	0.07
G7	Sample 79	2	2	17	1435030	59.94	0.79	0.08
G8	Sample 80	2	2	1	270860	59.94	0.89	0.13
G8	Sample 80	2	2	2	343640	59.91	0.90	0.13
G8	Sample 80	2	2	3	416440	59.91	0.90	0.13
G8	Sample 80	2	2	4	489230	59.94	0.91	0.13
G8	Sample 80	2	2	5	561930	59.94	0.91	0.14
G8	Sample 80	2	2	6	634650	59.94	0.91	0.13
G8	Sample 80	2	2	7	707430	59.94	0.92	0.14
G8	Sample 80	2	2	8	780150	59.94	0.92	0.13
G8	Sample 80	2	2	9	852940	59.94	0.91	0.13
G8	Sample 80	2	2	10	925740	59.91	0.92	0.14
G8	Sample 80	2	2	11	998530	59.91	0.92	0.14
G8	Sample 80	2	2	12	1071250	59.91	0.93	0.14
G8	Sample 80	2	2	13	1144050	59.94	0.93	0.14
G8	Sample 80	2	2	14	1216830	59.94	0.93	0.14
G8	Sample 80	2	2	15	1289540	59.94	0.93	0.13
G8	Sample 80	2	2	16	1362250	59.94	0.93	0.14
G8	Sample 80	2	2	17	1435030	59.94	0.93	0.14
G9	Sample 81	2	2	1	270860	59.94	0.91	0.11
G9	Sample 81	2	2	2	343640	59.91	0.92	0.11
G9	Sample 81	2	2	3	416440	59.91	0.92	0.11
G9	Sample 81	2	2	4	489230	59.94	0.93	0.11
G9	Sample 81	2	2	5	561930	59.94	0.93	0.11
G9	Sample 81	2	2	6	634650	59.94	0.94	0.11
G9	Sample 81	2	2	7	707430	59.94	0.94	0.11
G9	Sample 81	2	2	8	780150	59.94	0.94	0.11
G9	Sample 81	2	2	9	852940	59.94	0.94	0.11
G9	Sample 81	2	2	10	925740	59.91	0.95	0.11
G9	Sample 81	2	2	11	998530	59.91	0.94	0.11
G9	Sample 81	2	2	12	1071250	59.91	0.96	0.11
G9	Sample 81	2	2	13	1144050	59.94	0.95	0.11
G9	Sample 81	2	2	14	1216830	59.94	0.95	0.11
G9	Sample 81	2	2	15	1289540	59.94	0.95	0.11
G9	Sample 81	2	2	16	1362250	59.94	0.96	0.11
G9	Sample 81	2	2	17	1435030	59.94	0.95	0.11
G10	Sample 82	2	2	1	270860	59.94	0.88	0.11
G10	Sample 82	2	2	2	343640	59.91	0.88	0.10
G10	Sample 82	2	2	3	416440	59.91	0.89	0.11
G10	Sample 82	2	2	4	489230	59.94	0.90	0.11
G10	Sample 82	2	2	5	561930	59.94	0.90	0.10
G10	Sample 82	2	2	6	634650	59.94	0.90	0.11
G10	Sample 82	2	2	7	707430	59.94	0.90	0.11
G10	Sample 82	2	2	8	780150	59.94	0.90	0.11
G10	Sample 82	2	2	9	852940	59.94	0.90	0.11
G10	Sample 82	2	2	10	925740	59.91	0.90	0.11
G10	Sample 82	2	2	11	998530	59.91	0.91	0.11
G10	Sample 82	2	2	12	1071250	59.91	0.91	0.11
G10	Sample 82	2	2	13	1144050	59.94	0.91	0.10
G10	Sample 82	2	2	14	1216830	59.94	0.91	0.11
G10	Sample 82	2	2	15	1289540	59.94	0.91	0.11
G10	Sample 82	2	2	16	1362250	59.94	0.91	0.11
G10	Sample 82	2	2	17	1435030	59.94	0.91	0.11
G11	Sample 83	2	2	1	270860	59.94	0.54	0.05
G11	Sample 83	2	2	2	343640	59.91	0.54	0.04
G11	Sample 83	2	2	3	416440	59.91	0.54	0.05
G11	Sample 83	2	2	4	489230	59.94	0.55	0.05
G11	Sample 83	2	2	5	561930	59.94	0.55	0.05
G11	Sample 83	2	2	6	634650	59.94	0.55	0.05
G11	Sample 83	2	2	7	707430	59.94	0.56	0.05
G11	Sample 83	2	2	8	780150	59.94	0.56	0.05
G11	Sample 83	2	2	9	852940	59.94	0.55	0.05
G11	Sample 83	2	2	10	925740	59.91	0.56	0.05
G11	Sample 83	2	2	11	998530	59.91	0.55	0.05
G11	Sample 83	2	2	12	1071250	59.91	0.56	0.05
G11	Sample 83	2	2	13	1144050	59.94	0.56	0.05
G11	Sample 83	2	2	14	1216830	59.94	0.56	0.05
G11	Sample 83	2	2	15	1289540	59.94	0.56	0.05
G11	Sample 83	2	2	16	1362250	59.94	0.56	0.05
G11	Sample 83	2	2	17	1435030	59.94	0.56	0.05
G12	Sample 84	2	2	1	270860	59.94	0.23	0.07
G12	Sample 84	2	2	2	343640	59.91	0.23	0.07
G12	Sample 84	2	2	3	416440	59.91	0.23	0.07
G12	Sample 84	2	2	4	489230	59.94	0.23	0.07
G12	Sample 84	2	2	5	561930	59.94	0.24	0.07
G12	Sample 84	2	2	6	634650	59.94	0.23	0.08
G12	Sample 84	2	2	7	707430	59.94	0.24	0.07
G12	Sample 84	2	2	8	780150	59.94	0.23	0.08
G12	Sample 84	2	2	9	852940	59.94	0.23	0.07
G12	Sample 84	2	2	10	925740	59.91	0.24	0.07
G12	Sample 84	2	2	11	998530	59.91	0.23	0.07
G12	Sample 84	2	2	12	1071250	59.91	0.24	0.07
G12	Sample 84	2	2	13	1144050	59.94	0.24	0.07
G12	Sample 84	2	2	14	1216830	59.94	0.24	0.07
G12	Sample 84	2	2	15	1289540	59.94	0.23	0.07
G12	Sample 84	2	2	16	1362250	59.94	0.23	0.07
G12	Sample 84	2	2	17	1435030	59.94	0.24	0.07
H1	Sample 85	2	2	1	270860	59.94	0.38	0.18
H1	Sample 85	2	2	2	343640	59.91	0.39	0.18
H1	Sample 85	2	2	3	416440	59.91	0.39	0.17
H1	Sample 85	2	2	4	489230	59.94	0.39	0.17
H1	Sample 85	2	2	5	561930	59.94	0.39	0.18
H1	Sample 85	2	2	6	634650	59.94	0.39	0.18
H1	Sample 85	2	2	7	707430	59.94	0.39	0.17
H1	Sample 85	2	2	8	780150	59.94	0.39	0.17
H1	Sample 85	2	2	9	852940	59.94	0.39	0.18
H1	Sample 85	2	2	10	925740	59.91	0.39	0.18
H1	Sample 85	2	2	11	998530	59.91	0.39	0.17
H1	Sample 85	2	2	12	1071250	59.91	0.40	0.18
H1	Sample 85	2	2	13	1144050	59.94	0.39	0.17
H1	Sample 85	2	2	14	1216830	59.94	0.40	0.17
H1	Sample 85	2	2	15	1289540	59.94	0.39	0.17
H1	Sample 85	2	2	16	1362250	59.94	0.39	0.17
H1	Sample 85	2	2	17	1435030	59.94	0.40	0.17
H2	Sample 86	2	2	1	270860	59.94	0.30	0.18
H2	Sample 86	2	2	2	343640	59.91	0.31	0.18
H2	Sample 86	2	2	3	416440	59.91	0.31	0.18
H2	Sample 86	2	2	4	489230	59.94	0.31	0.18
H2	Sample 86	2	2	5	561930	59.94	0.31	0.18
H2	Sample 86	2	2	6	634650	59.94	0.31	0.18
H2	Sample 86	2	2	7	707430	59.94	0.31	0.18
H2	Sample 86	2	2	8	780150	59.94	0.31	0.18
H2	Sample 86	2	2	9	852940	59.94	0.31	0.18
H2	Sample 86	2	2	10	925740	59.91	0.32	0.18
H2	Sample 86	2	2	11	998530	59.91	0.32	0.18
H2	Sample 86	2	2	12	1071250	59.91	0.31	0.18
H2	Sample 86	2	2	13	1144050	59.94	0.31	0.18
H2	Sample 86	2	2	14	1216830	59.94	0.31	0.18
H2	Sample 86	2	2	15	1289540	59.94	0.31	0.18
H2	Sample 86	2	2	16	1362250	59.94	0.31	0.18
H2	Sample 86	2	2	17	1435030	59.94	0.31	0.18
H3	Sample 87	2	2	1	270860	59.94	0.48	0.12
H3	Sample 87	2	2	2	343640	59.91	0.49	0.12
H3	Sample 87	2	2	3	416440	59.91	0.49	0.12
H3	Sample 87	2	2	4	489230	59.94	0.49	0.12
H3	Sample 87	2	2	5	561930	59.94	0.50	0.12
H3	Sample 87	2	2	6	634650	59.94	0.50	0.12
H3	Sample 87	2	2	7	707430	59.94	0.50	0.12
H3	Sample 87	2	2	8	780150	59.94	0.50	0.12
H3	Sample 87	2	2	9	852940	59.94	0.50	0.12
H3	Sample 87	2	2	10	925740	59.91	0.50	0.12
H3	Sample 87	2	2	11	998530	59.91	0.50	0.12
H3	Sample 87	2	2	12	1071250	59.91	0.50	0.12
H3	Sample 87	2	2	13	1144050	59.94	0.50	0.12
H3	Sample 87	2	2	14	1216830	59.94	0.51	0.12
H3	Sample 87	2	2	15	1289540	59.94	0.50	0.11
H3	Sample 87	2	2	16	1362250	59.94	0.51	0.12
H3	Sample 87	2	2	17	1435030	59.94	0.51	0.12
H4	Sample 88	2	2	1	270860	59.94	0.83	0.16
H4	Sample 88	2	2	2	343640	59.91	0.84	0.16
H4	Sample 88	2	2	3	416440	59.91	0.84	0.16
H4	Sample 88	2	2	4	489230	59.94	0.84	0.16
H4	Sample 88	2	2	5	561930	59.94	0.84	0.16
H4	Sample 88	2	2	6	634650	59.94	0.85	0.16
H4	Sample 88	2	2	7	707430	59.94	0.85	0.16
H4	Sample 88	2	2	8	780150	59.94	0.85	0.16
H4	Sample 88	2	2	9	852940	59.94	0.84	0.16
H4	Sample 88	2	2	10	925740	59.91	0.86	0.16
H4	Sample 88	2	2	11	998530	59.91	0.86	0.16
H4	Sample 88	2	2	12	1071250	59.91	0.86	0.16
H4	Sample 88	2	2	13	1144050	59.94	0.86	0.16
H4	Sample 88	2	2	14	1216830	59.94	0.86	0.16
H4	Sample 88	2	2	15	1289540	59.94	0.86	0.16
H4	Sample 88	2	2	16	1362250	59.94	0.87	0.16
H4	Sample 88	2	2	17	1435030	59.94	0.87	0.16
H5	Sample 89	2	2	1	270860	59.94	0.80	0.46
H5	Sample 89	2	2	2	343640	59.91	0.82	0.47
H5	Sample 89	2	2	3	416440	59.91	0.82	0.47
H5	Sample 89	2	2	4	489230	59.94	0.82	0.46
H5	Sample 89	2	2	5	561930	59.94	0.82	0.46
H5	Sample 89	2	2	6	634650	59.94	0.83	0.47
H5	Sample 89	2	2	7	707430	59.94	0.83	0.47
H5	Sample 89	2	2	8	780150	59.94	0.83	0.47
H5	Sample 89	2	2	9	852940	59.94	0.83	0.47
H5	Sample 89	2	2	10	925740	59.91	0.84	0.46
H5	Sample 89	2	2	11	998530	59.91	0.83	0.46
H5	Sample 89	2	2	12	1071250	59.91	0.83	0.47
H5	Sample 89	2	2	13	1144050	59.94	0.83	0.46
H5	Sample 89	2	2	14	1216830	59.94	0.84	0.47
H5	Sample 89	2	2	15	1289540	59.94	0.84	0.47
H5	Sample 89	2	2	16	1362250	59.94	0.84	0.47
H5	Sample 89	2	2	17	1435030	59.94	0.84	0.46
H6	Sample 90	2	2	1	270860	59.94	0.70	0.25
H6	Sample 90	2	2	2	343640	59.91	0.71	0.24
H6	Sample 90	2	2	3	416440	59.91	0.71	0.25
H6	Sample 90	2	2	4	489230	59.94	0.71	0.25
H6	Sample 90	2	2	5	561930	59.94	0.71	0.25
H6	Sample 90	2	2	6	634650	59.94	0.72	0.25
H6	Sample 90	2	2	7	707430	59.94	0.72	0.25
H6	Sample 90	2	2	8	780150	59.94	0.73	0.25
H6	Sample 90	2	2	9	852940	59.94	0.72	0.25
H6	Sample 90	2	2	10	925740	59.91	0.73	0.25
H6	Sample 90	2	2	11	998530	59.91	0.72	0.24
H6	Sample 90	2	2	12	1071250	59.91	0.73	0.25
H6	Sample 90	2	2	13	1144050	59.94	0.73	0.25
H6	Sample 90	2	2	14	1216830	59.94	0.73	0.25
H6	Sample 90	2	2	15	1289540	59.94	0.73	0.24
H6	Sample 90	2	2	16	1362250	59.94	0.73	0.24
H6	Sample 90	2	2	17	1435030	59.94	0.73	0.24
H7	Sample 91	2	2	1	270860	59.94	0.47	0.09
H7	Sample 91	2	2	2	343640	59.91	0.47	0.09
H7	Sample 91	2	2	3	416440	59.91	0.47	0.09
H7	Sample 91	2	2	4	489230	59.94	0.48	0.09
H7	Sample 91	2	2	5	561930	59.94	0.47	0.09
H7	Sample 91	2	2	6	634650	59.94	0.48	0.09
H7	Sample 91	2	2	7	707430	59.94	0.48	0.09
H7	Sample 91	2	2	8	780150	59.94	0.48	0.09
H7	Sample 91	2	2	9	852940	59.94	0.48	0.09
H7	Sample 91	2	2	10	925740	59.91	0.49	0.09
H7	Sample 91	2	2	11	998530	59.91	0.48	0.09
H7	Sample 91	2	2	12	1071250	59.91	0.48	0.09
H7	Sample 91	2	2	13	1144050	59.94	0.48	0.09
H7	Sample 91	2	2	14	1216830	59.94	0.49	0.09
H7	Sample 91	2	2	15	1289540	59.94	0.48	0.09
H7	Sample 91	2	2	16	1362250	59.94	0.48	0.09
H7	Sample 91	2	2	17	1435030	59.94	0.48	0.09
H8	Sample 92	2	2	1	270860	59.94	0.58	0.12
H8	Sample 92	2	2	2	343640	59.91	0.59	0.12
H8	Sample 92	2	2	3	416440	59.91	0.59	0.12
H8	Sample 92	2	2	4	489230	59.94	0.59	0.12
H8	Sample 92	2	2	5	561930	59.94	0.59	0.12
H8	Sample 92	2	2	6	634650	59.94	0.60	0.12
H8	Sample 92	2	2	7	707430	59.94	0.59	0.12
H8	Sample 92	2	2	8	780150	59.94	0.59	0.12
H8	Sample 92	2	2	9	852940	59.94	0.59	0.12
H8	Sample 92	2	2	10	925740	59.91	0.60	0.12
H8	Sample 92	2	2	11	998530	59.91	0.59	0.12
H8	Sample 92	2	2	12	1071250	59.91	0.60	0.12
H8	Sample 92	2	2	13	1144050	59.94	0.60	0.12
H8	Sample 92	2	2	14	1216830	59.94	0.60	0.12
H8	Sample 92	2	2	15	1289540	59.94	0.60	0.12
H8	Sample 92	2	2	16	1362250	59.94	0.60	0.12
H8	Sample 92	2	2	17	1435030	59.94	0.60	0.12
H9	Sample 93	2	2	1	270860	59.94	0.60	0.08
H9	Sample 93	2	2	2	343640	59.91	0.60	0.08
H9	Sample 93	2	2	3	416440	59.91	0.61	0.08
H9	Sample 93	2	2	4	489230	59.94	0.61	0.08
H9	Sample 93	2	2	5	561930	59.94	0.61	0.08
H9	Sample 93	2	2	6	634650	59.94	0.62	0.08
H9	Sample 93	2	2	7	707430	59.94	0.62	0.08
H9	Sample 93	2	2	8	780150	59.94	0.62	0.08
H9	Sample 93	2	2	9	852940	59.94	0.61	0.08
H9	Sample 93	2	2	10	925740	59.91	0.63	0.08
H9	Sample 93	2	2	11	998530	59.91	0.62	0.09
H9	Sample 93	2	2	12	1071250	59.91	0.62	0.08
H9	Sample 93	2	2	13	1144050	59.94	0.62	0.09
H9	Sample 93	2	2	14	1216830	59.94	0.62	0.08
H9	Sample 93	2	2	15	1289540	59.94	0.62	0.08
H9	Sample 93	2	2	16	1362250	59.94	0.62	0.08
H9	Sample 93	2	2	17	1435030	59.94	0.63	0.08
H10	Sample 94	2	2	1	270860	59.94	0.45	0.10
H10	Sample 94	2	2	2	343640	59.91	0.45	0.10
H10	Sample 94	2	2	3	416440	59.91	0.46	0.10
H10	Sample 94	2	2	4	489230	59.94	0.45	0.10
H10	Sample 94	2	2	5	561930	59.94	0.46	0.10
H10	Sample 94	2	2	6	634650	59.94	0.46	0.11
H10	Sample 94	2	2	7	707430	59.94	0.46	0.10
H10	Sample 94	2	2	8	780150	59.94	0.47	0.10
H10	Sample 94	2	2	9	852940	59.94	0.47	0.10
H10	Sample 94	2	2	10	925740	59.91	0.47	0.10
H10	Sample 94	2	2	11	998530	59.91	0.47	0.11
H10	Sample 94	2	2	12	1071250	59.91	0.47	0.11
H10	Sample 94	2	2	13	1144050	59.94	0.47	0.10
H10	Sample 94	2	2	14	1216830	59.94	0.47	0.11
H10	Sample 94	2	2	15	1289540	59.94	0.47	0.10
H10	Sample 94	2	2	16	1362250	59.94	0.47	0.10
H10	Sample 94	2	2	17	1435030	59.94	0.47	0.10
H11	Sample 95	2	2	1	270860	59.94	0.23	0.06
H11	Sample 95	2	2	2	343640	59.91	0.23	0.06
H11	Sample 95	2	2	3	416440	59.91	0.23	0.06
H11	Sample 95	2	2	4	489230	59.94	0.23	0.05
H11	Sample 95	2	2	5	561930	59.94	0.23	0.06
H11	Sample 95	2	2	6	634650	59.94	0.23	0.06
H11	Sample 95	2	2	7	707430	59.94	0.23	0.06
H11	Sample 95	2	2	8	780150	59.94	0.23	0.06
H11	Sample 95	2	2	9	852940	59.94	0.23	0.06
H11	Sample 95	2	2	10	925740	59.91	0.24	0.06
H11	Sample 95	2	2	11	998530	59.91	0.23	0.06
H11	Sample 95	2	2	12	1071250	59.91	0.24	0.05
H11	Sample 95	2	2	13	1144050	59.94	0.24	0.06
H11	Sample 95	2	2	14	1216830	59.94	0.23	0.06
H11	Sample 95	2	2	15	1289540	59.94	0.23	0.05
H11	Sample 95	2	2	16	1362250	59.94	0.23	0.06
H11	Sample 95	2	2	17	1435030	59.94	0.24	0.06
H12	Sample 96	2	2	1	270860	59.94	0.39	0.09
H12	Sample 96	2	2	2	343640	59.91	0.39	0.09
H12	Sample 96	2	2	3	416440	59.91	0.39	0.10
H12	Sample 96	2	2	4	489230	59.94	0.39	0.09
H12	Sample 96	2	2	5	561930	59.94	0.39	0.09
H12	Sample 96	2	2	6	634650	59.94	0.40	0.09
H12	Sample 96	2	2	7	707430	59.94	0.39	0.09
H12	Sample 96	2	2	8	780150	59.94	0.39	0.09
H12	Sample 96	2	2	9	852940	59.94	0.40	0.09
H12	Sample 96	2	2	10	925740	59.91	0.41	0.09
H12	Sample 96	2	2	11	998530	59.91	0.41	0.10
H12	Sample 96	2	2	12	1071250	59.91	0.40	0.09
H12	Sample 96	2	2	13	1144050	59.94	0.40	0.09
H12	Sample 96	2	2	14	1216830	59.94	0.41	0.09
H12	Sample 96	2	2	15	1289540	59.94	0.40	0.09
H12	Sample 96	2	2	16	1362250	59.94	0.40	0.09
H12	Sample 96	2	2	17	1435030	59.94	0.40	0.09
